#
# INPUTFILE 
# ENERGYOUT energy.dat
# GEOMOUT geometry.xyz
# RANDOMSEED 41
# DESIREDTEMPERATURE 298.150000 K
# BOUNDARY 10.000000 A
# BOUNDARYSPRING 250.000000 kcal/(mol*A^2)
# BOUNDARYTYPE sphere
# STATUSWAITTIME 5.000000 s
# ENERGYWAITTIME 0.001000 ps
# GEOMWAITTIME 0.001000 ps
# TOTALTIME 0.500000 ps
# TIMESTEP 0.000500 ps
# EQTIME 0.000000 ps
# EQRATE 2.000000 p
#
# -- ENERGY DATA --
#
# energy terms [kcal/mol]
#  time      e_total      e_kin      e_pot  e_nonbond   e_bonded e_boundary      e_vdw     e_elst     e_bond    e_angle     e_tors      e_oop
 0.0000  2.05177e+05  7.110e+00  2.052e+05  2.052e+05  2.846e-01  0.000e+00  2.053e+05 -1.771e+02  9.563e-02  1.886e-01  4.177e-04  0.000e+00
 0.0010  2.16408e+05  5.945e+00  2.164e+05  2.164e+05  1.465e+00  0.000e+00  2.166e+05 -1.775e+02  9.711e-01  4.877e-01  6.083e-03  0.000e+00
 0.0020  2.25445e+05  4.741e+00  2.254e+05  2.254e+05  2.682e+00  0.000e+00  2.256e+05 -1.779e+02  1.648e+00  1.021e+00  1.331e-02  0.000e+00
 0.0030  2.28572e+05  4.077e+00  2.286e+05  2.286e+05  3.345e+00  0.000e+00  2.287e+05 -1.783e+02  1.609e+00  1.713e+00  2.273e-02  0.000e+00
 0.0040  2.25748e+05  3.934e+00  2.257e+05  2.257e+05  3.477e+00  0.000e+00  2.259e+05 -1.786e+02  9.956e-01  2.448e+00  3.405e-02  0.000e+00
 0.0050  2.22377e+05  3.689e+00  2.224e+05  2.224e+05  3.715e+00  0.000e+00  2.225e+05 -1.787e+02  5.518e-01  3.116e+00  4.725e-02  0.000e+00
 0.0060  2.22068e+05  2.941e+00  2.221e+05  2.221e+05  4.470e+00  0.000e+00  2.222e+05 -1.788e+02  7.756e-01  3.632e+00  6.256e-02  0.000e+00
 0.0070  2.22927e+05  2.042e+00  2.229e+05  2.229e+05  5.382e+00  0.000e+00  2.231e+05 -1.789e+02  1.370e+00  3.932e+00  8.017e-02  0.000e+00
 0.0080  2.20825e+05  1.735e+00  2.208e+05  2.208e+05  5.694e+00  0.000e+00  2.210e+05 -1.788e+02  1.609e+00  3.985e+00  1.000e-01  0.000e+00
 0.0090  2.14986e+05  2.320e+00  2.150e+05  2.150e+05  5.100e+00  0.000e+00  2.152e+05 -1.787e+02  1.178e+00  3.800e+00  1.217e-01  0.000e+00
 0.0100  2.09232e+05  3.307e+00  2.092e+05  2.092e+05  4.101e+00  0.000e+00  2.094e+05 -1.786e+02  5.291e-01  3.427e+00  1.445e-01  0.000e+00
 0.0110  2.07974e+05  3.941e+00  2.080e+05  2.080e+05  3.463e+00  0.000e+00  2.081e+05 -1.786e+02  3.496e-01  2.946e+00  1.673e-01  0.000e+00
 0.0120  2.12026e+05  4.004e+00  2.120e+05  2.120e+05  3.408e+00  0.000e+00  2.122e+05 -1.788e+02  7.760e-01  2.443e+00  1.891e-01  0.000e+00
 0.0130  2.17658e+05  3.976e+00  2.177e+05  2.177e+05  3.446e+00  0.000e+00  2.178e+05 -1.790e+02  1.250e+00  1.986e+00  2.092e-01  0.000e+00
 0.0140  2.19863e+05  4.404e+00  2.199e+05  2.199e+05  3.017e+00  0.000e+00  2.200e+05 -1.791e+02  1.176e+00  1.614e+00  2.272e-01  0.000e+00
 0.0150  2.17813e+05  5.216e+00  2.178e+05  2.178e+05  2.193e+00  0.000e+00  2.180e+05 -1.791e+02  6.035e-01  1.346e+00  2.437e-01  0.000e+00
 0.0160  2.15538e+05  5.783e+00  2.155e+05  2.155e+05  1.618e+00  0.000e+00  2.157e+05 -1.789e+02  1.653e-01  1.194e+00  2.593e-01  0.000e+00
 0.0170  2.16295e+05  5.624e+00  2.163e+05  2.163e+05  1.781e+00  0.000e+00  2.165e+05 -1.787e+02  3.409e-01  1.166e+00  2.747e-01  0.000e+00
 0.0180  2.18452e+05  4.958e+00  2.184e+05  2.184e+05  2.459e+00  0.000e+00  2.186e+05 -1.784e+02  9.092e-01  1.260e+00  2.902e-01  0.000e+00
 0.0190  2.17858e+05  4.450e+00  2.179e+05  2.179e+05  2.973e+00  0.000e+00  2.180e+05 -1.780e+02  1.210e+00  1.457e+00  3.064e-01  0.000e+00
 0.0200  2.13364e+05  4.467e+00  2.134e+05  2.134e+05  2.951e+00  0.000e+00  2.135e+05 -1.777e+02  9.041e-01  1.723e+00  3.236e-01  0.000e+00
 0.0210  2.08376e+05  4.685e+00  2.084e+05  2.084e+05  2.721e+00  0.000e+00  2.085e+05 -1.775e+02  3.628e-01  2.016e+00  3.427e-01  0.000e+00
 0.0220  2.07129e+05  4.501e+00  2.071e+05  2.071e+05  2.902e+00  0.000e+00  2.073e+05 -1.774e+02  2.370e-01  2.302e+00  3.636e-01  0.000e+00
 0.0230  2.10789e+05  3.743e+00  2.108e+05  2.108e+05  3.669e+00  0.000e+00  2.110e+05 -1.777e+02  7.192e-01  2.564e+00  3.856e-01  0.000e+00
 0.0240  2.16415e+05  2.875e+00  2.164e+05  2.164e+05  4.547e+00  0.000e+00  2.166e+05 -1.781e+02  1.337e+00  2.803e+00  4.069e-01  0.000e+00
 0.0250  2.19315e+05  2.471e+00  2.193e+05  2.193e+05  4.951e+00  0.000e+00  2.195e+05 -1.785e+02  1.502e+00  3.024e+00  4.252e-01  0.000e+00
 0.0260  2.17857e+05  2.579e+00  2.179e+05  2.178e+05  4.835e+00  0.000e+00  2.180e+05 -1.789e+02  1.181e+00  3.215e+00  4.387e-01  0.000e+00
 0.0270  2.15255e+05  2.717e+00  2.153e+05  2.152e+05  4.690e+00  0.000e+00  2.154e+05 -1.791e+02  9.061e-01  3.338e+00  4.461e-01  0.000e+00
 0.0280  2.15028e+05  2.500e+00  2.150e+05  2.150e+05  4.911e+00  0.000e+00  2.152e+05 -1.793e+02  1.132e+00  3.332e+00  4.469e-01  0.000e+00
 0.0290  2.16188e+05  2.159e+00  2.162e+05  2.162e+05  5.263e+00  0.000e+00  2.164e+05 -1.794e+02  1.685e+00  3.136e+00  4.415e-01  0.000e+00
 0.0300  2.14734e+05  2.323e+00  2.147e+05  2.147e+05  5.104e+00  0.000e+00  2.149e+05 -1.794e+02  1.954e+00  2.720e+00  4.302e-01  0.000e+00
 0.0310  2.09407e+05  3.290e+00  2.094e+05  2.094e+05  4.130e+00  0.000e+00  2.096e+05 -1.792e+02  1.597e+00  2.118e+00  4.143e-01  0.000e+00
 0.0320  2.03685e+05  4.624e+00  2.037e+05  2.037e+05  2.782e+00  0.000e+00  2.039e+05 -1.790e+02  9.602e-01  1.427e+00  3.952e-01  0.000e+00
 0.0330  2.01795e+05  5.554e+00  2.018e+05  2.018e+05  1.846e+00  0.000e+00  2.020e+05 -1.789e+02  6.876e-01  7.838e-01  3.745e-01  0.000e+00
 0.0340  2.04738e+05  5.737e+00  2.047e+05  2.047e+05  1.670e+00  0.000e+00  2.049e+05 -1.788e+02  9.835e-01  3.320e-01  3.545e-01  0.000e+00
 0.0350  2.09790e+05  5.526e+00  2.098e+05  2.098e+05  1.890e+00  0.000e+00  2.100e+05 -1.788e+02  1.380e+00  1.736e-01  3.370e-01  0.000e+00
 0.0360  2.13026e+05  5.465e+00  2.130e+05  2.130e+05  1.952e+00  0.000e+00  2.132e+05 -1.787e+02  1.290e+00  3.390e-01  3.235e-01  0.000e+00
 0.0370  2.13340e+05  5.603e+00  2.133e+05  2.133e+05  1.805e+00  0.000e+00  2.135e+05 -1.786e+02  7.108e-01  7.800e-01  3.144e-01  0.000e+00
 0.0380  2.13886e+05  5.453e+00  2.139e+05  2.139e+05  1.948e+00  0.000e+00  2.141e+05 -1.784e+02  2.503e-01  1.390e+00  3.084e-01  0.000e+00
 0.0390  2.18233e+05  4.616e+00  2.182e+05  2.182e+05  2.790e+00  0.000e+00  2.184e+05 -1.784e+02  4.493e-01  2.037e+00  3.031e-01  0.000e+00
 0.0400  2.25377e+05  3.349e+00  2.254e+05  2.254e+05  4.069e+00  0.000e+00  2.255e+05 -1.783e+02  1.174e+00  2.600e+00  2.960e-01  0.000e+00
 0.0410  2.30044e+05  2.394e+00  2.300e+05  2.300e+05  5.033e+00  0.000e+00  2.302e+05 -1.782e+02  1.764e+00  2.985e+00  2.849e-01  0.000e+00
 0.0420  2.28940e+05  2.244e+00  2.289e+05  2.289e+05  5.179e+00  0.000e+00  2.291e+05 -1.779e+02  1.764e+00  3.147e+00  2.685e-01  0.000e+00
 0.0430  2.24616e+05  2.677e+00  2.246e+05  2.246e+05  4.735e+00  0.000e+00  2.248e+05 -1.777e+02  1.394e+00  3.095e+00  2.468e-01  0.000e+00
 0.0440  2.21600e+05  3.059e+00  2.216e+05  2.216e+05  4.348e+00  0.000e+00  2.218e+05 -1.775e+02  1.247e+00  2.880e+00  2.207e-01  0.000e+00
 0.0450  2.21504e+05  3.066e+00  2.215e+05  2.215e+05  4.346e+00  0.000e+00  2.217e+05 -1.774e+02  1.578e+00  2.576e+00  1.916e-01  0.000e+00
 0.0460  2.22416e+05  2.999e+00  2.224e+05  2.224e+05  4.422e+00  0.000e+00  2.226e+05 -1.774e+02  2.003e+00  2.258e+00  1.611e-01  0.000e+00
 0.0470  2.21391e+05  3.348e+00  2.214e+05  2.214e+05  4.073e+00  0.000e+00  2.216e+05 -1.775e+02  1.960e+00  1.982e+00  1.309e-01  0.000e+00
 0.0480  2.17765e+05  4.149e+00  2.178e+05  2.178e+05  3.263e+00  0.000e+00  2.179e+05 -1.777e+02  1.379e+00  1.782e+00  1.026e-01  0.000e+00
 0.0490  2.14414e+05  4.875e+00  2.144e+05  2.144e+05  2.528e+00  0.000e+00  2.146e+05 -1.780e+02  7.806e-01  1.669e+00  7.777e-02  0.000e+00
 0.0500  2.14849e+05  5.014e+00  2.148e+05  2.148e+05  2.391e+00  0.000e+00  2.150e+05 -1.783e+02  6.947e-01  1.638e+00  5.804e-02  0.000e+00
 0.0510  2.18642e+05  4.651e+00  2.186e+05  2.186e+05  2.764e+00  0.000e+00  2.188e+05 -1.787e+02  1.056e+00  1.664e+00  4.415e-02  0.000e+00
 0.0520  2.20926e+05  4.389e+00  2.209e+05  2.209e+05  3.034e+00  0.000e+00  2.211e+05 -1.790e+02  1.294e+00  1.704e+00  3.578e-02  0.000e+00
 0.0530  2.18282e+05  4.669e+00  2.183e+05  2.183e+05  2.751e+00  0.000e+00  2.185e+05 -1.792e+02  1.013e+00  1.706e+00  3.164e-02  0.000e+00
 0.0540  2.13261e+05  5.279e+00  2.133e+05  2.133e+05  2.129e+00  0.000e+00  2.134e+05 -1.793e+02  4.722e-01  1.627e+00  2.989e-02  0.000e+00
 0.0550  2.10494e+05  5.616e+00  2.105e+05  2.105e+05  1.787e+00  0.000e+00  2.107e+05 -1.793e+02  2.984e-01  1.459e+00  2.882e-02  0.000e+00
 0.0560  2.11178e+05  5.372e+00  2.112e+05  2.112e+05  2.037e+00  0.000e+00  2.114e+05 -1.793e+02  7.479e-01  1.262e+00  2.741e-02  0.000e+00
 0.0570  2.12740e+05  4.857e+00  2.127e+05  2.127e+05  2.561e+00  0.000e+00  2.129e+05 -1.792e+02  1.388e+00  1.147e+00  2.573e-02  0.000e+00
 0.0580  2.12005e+05  4.578e+00  2.120e+05  2.120e+05  2.840e+00  0.000e+00  2.122e+05 -1.790e+02  1.577e+00  1.238e+00  2.480e-02  0.000e+00
 0.0590  2.08524e+05  4.587e+00  2.085e+05  2.085e+05  2.823e+00  0.000e+00  2.087e+05 -1.788e+02  1.191e+00  1.606e+00  2.608e-02  0.000e+00
 0.0600  2.05336e+05  4.397e+00  2.053e+05  2.053e+05  3.005e+00  0.000e+00  2.055e+05 -1.786e+02  7.497e-01  2.225e+00  3.073e-02  0.000e+00
 0.0610  2.06252e+05  3.592e+00  2.062e+05  2.062e+05  3.814e+00  0.000e+00  2.064e+05 -1.785e+02  8.018e-01  2.973e+00  3.914e-02  0.000e+00
 0.0620  2.11657e+05  2.419e+00  2.117e+05  2.116e+05  5.001e+00  0.000e+00  2.118e+05 -1.785e+02  1.281e+00  3.669e+00  5.077e-02  0.000e+00
 0.0630  2.17178e+05  1.650e+00  2.172e+05  2.172e+05  5.779e+00  0.000e+00  2.173e+05 -1.786e+02  1.593e+00  4.121e+00  6.455e-02  0.000e+00
 0.0640  2.18571e+05  1.830e+00  2.186e+05  2.186e+05  5.595e+00  0.000e+00  2.187e+05 -1.787e+02  1.327e+00  4.188e+00  7.935e-02  0.000e+00
 0.0650  2.17273e+05  2.737e+00  2.173e+05  2.173e+05  4.675e+00  0.000e+00  2.174e+05 -1.787e+02  7.532e-01  3.828e+00  9.448e-02  0.000e+00
 0.0660  2.17480e+05  3.665e+00  2.175e+05  2.175e+05  3.740e+00  0.000e+00  2.177e+05 -1.788e+02  5.184e-01  3.112e+00  1.098e-01  0.000e+00
 0.0670  2.19810e+05  4.189e+00  2.198e+05  2.198e+05  3.221e+00  0.000e+00  2.200e+05 -1.788e+02  8.901e-01  2.206e+00  1.254e-01  0.000e+00
 0.0680  2.20761e+05  4.537e+00  2.208e+05  2.208e+05  2.881e+00  0.000e+00  2.209e+05 -1.787e+02  1.424e+00  1.315e+00  1.419e-01  0.000e+00
 0.0690  2.17124e+05  5.170e+00  2.171e+05  2.171e+05  2.249e+00  0.000e+00  2.173e+05 -1.784e+02  1.464e+00  6.255e-01  1.595e-01  0.000e+00
 0.0700  2.09783e+05  6.070e+00  2.098e+05  2.098e+05  1.338e+00  0.000e+00  2.100e+05 -1.781e+02  9.107e-01  2.484e-01  1.783e-01  0.000e+00
 0.0710  2.03243e+05  6.630e+00  2.032e+05  2.032e+05  7.677e-01  0.000e+00  2.034e+05 -1.779e+02  3.570e-01  2.124e-01  1.983e-01  0.000e+00
 0.0720  2.02030e+05  6.284e+00  2.020e+05  2.020e+05  1.116e+00  0.000e+00  2.022e+05 -1.778e+02  4.162e-01  4.811e-01  2.192e-01  0.000e+00
 0.0730  2.06944e+05  5.179e+00  2.069e+05  2.069e+05  2.235e+00  0.000e+00  2.071e+05 -1.781e+02  1.009e+00  9.850e-01  2.407e-01  0.000e+00
 0.0740  2.13660e+05  4.084e+00  2.137e+05  2.137e+05  3.340e+00  0.000e+00  2.138e+05 -1.785e+02  1.438e+00  1.639e+00  2.624e-01  0.000e+00
 0.0750  2.16956e+05  3.609e+00  2.170e+05  2.169e+05  3.812e+00  0.000e+00  2.171e+05 -1.790e+02  1.182e+00  2.346e+00  2.843e-01  0.000e+00
 0.0760  2.17348e+05  3.599e+00  2.173e+05  2.173e+05  3.811e+00  0.000e+00  2.175e+05 -1.794e+02  5.123e-01  2.993e+00  3.059e-01  0.000e+00
 0.0770  2.19618e+05  3.407e+00  2.196e+05  2.196e+05  3.997e+00  0.000e+00  2.198e+05 -1.798e+02  1.976e-01  3.472e+00  3.272e-01  0.000e+00
 0.0780  2.25283e+05  2.724e+00  2.253e+05  2.253e+05  4.688e+00  0.000e+00  2.255e+05 -1.800e+02  6.335e-01  3.706e+00  3.478e-01  0.000e+00
 0.0790  2.30212e+05  2.002e+00  2.302e+05  2.302e+05  5.423e+00  0.000e+00  2.304e+05 -1.799e+02  1.382e+00  3.674e+00  3.669e-01  0.000e+00
 0.0800  2.29316e+05  1.962e+00  2.293e+05  2.293e+05  5.466e+00  0.000e+00  2.295e+05 -1.795e+02  1.665e+00  3.417e+00  3.835e-01  0.000e+00
 0.0810  2.22330e+05  2.738e+00  2.223e+05  2.223e+05  4.678e+00  0.000e+00  2.225e+05 -1.788e+02  1.262e+00  3.019e+00  3.966e-01  0.000e+00
 0.0820  2.14266e+05  3.651e+00  2.143e+05  2.143e+05  3.750e+00  0.000e+00  2.144e+05 -1.781e+02  7.698e-01  2.574e+00  4.059e-01  0.000e+00
 0.0830  2.10817e+05  3.917e+00  2.108e+05  2.108e+05  3.484e+00  0.000e+00  2.110e+05 -1.774e+02  9.175e-01  2.155e+00  4.113e-01  0.000e+00
 0.0840  2.13689e+05  3.505e+00  2.137e+05  2.137e+05  3.910e+00  0.000e+00  2.139e+05 -1.771e+02  1.697e+00  1.800e+00  4.134e-01  0.000e+00
 0.0850  2.18837e+05  3.172e+00  2.188e+05  2.188e+05  4.254e+00  0.000e+00  2.190e+05 -1.770e+02  2.322e+00  1.521e+00  4.122e-01  0.000e+00
 0.0860  2.20525e+05  3.611e+00  2.205e+05  2.205e+05  3.813e+00  0.000e+00  2.207e+05 -1.771e+02  2.095e+00  1.310e+00  4.077e-01  0.000e+00
 0.0870  2.18969e+05  4.648e+00  2.190e+05  2.190e+05  2.760e+00  0.000e+00  2.191e+05 -1.773e+02  1.210e+00  1.150e+00  3.999e-01  0.000e+00
 0.0880  2.19890e+05  5.424e+00  2.199e+05  2.199e+05  1.974e+00  0.000e+00  2.201e+05 -1.778e+02  5.704e-01  1.015e+00  3.887e-01  0.000e+00
 0.0890  2.25914e+05  5.344e+00  2.259e+05  2.259e+05  2.059e+00  0.000e+00  2.261e+05 -1.783e+02  7.911e-01  8.937e-01  3.746e-01  0.000e+00
 0.0900  2.32562e+05  4.743e+00  2.326e+05  2.326e+05  2.675e+00  0.000e+00  2.327e+05 -1.787e+02  1.516e+00  8.003e-01  3.589e-01  0.000e+00
 0.0910  2.32723e+05  4.479e+00  2.327e+05  2.327e+05  2.946e+00  0.000e+00  2.329e+05 -1.790e+02  1.822e+00  7.801e-01  3.434e-01  0.000e+00
 0.0920  2.24235e+05  4.916e+00  2.242e+05  2.242e+05  2.498e+00  0.000e+00  2.244e+05 -1.789e+02  1.276e+00  8.927e-01  3.300e-01  0.000e+00
 0.0930  2.12151e+05  5.457e+00  2.121e+05  2.121e+05  1.941e+00  0.000e+00  2.123e+05 -1.786e+02  4.449e-01  1.176e+00  3.198e-01  0.000e+00
 0.0940  2.03679e+05  5.179e+00  2.037e+05  2.037e+05  2.215e+00  0.000e+00  2.039e+05 -1.783e+02  2.863e-01  1.617e+00  3.126e-01  0.000e+00
 0.0950  2.02354e+05  3.886e+00  2.024e+05  2.023e+05  3.523e+00  0.000e+00  2.025e+05 -1.783e+02  1.075e+00  2.140e+00  3.069e-01  0.000e+00
 0.0960  2.05655e+05  2.404e+00  2.057e+05  2.056e+05  5.023e+00  0.000e+00  2.058e+05 -1.784e+02  2.085e+00  2.637e+00  3.004e-01  0.000e+00
 0.0970  2.07804e+05  1.762e+00  2.078e+05  2.078e+05  5.668e+00  0.000e+00  2.080e+05 -1.787e+02  2.378e+00  2.999e+00  2.908e-01  0.000e+00
 0.0980  2.07133e+05  2.167e+00  2.071e+05  2.071e+05  5.250e+00  0.000e+00  2.073e+05 -1.791e+02  1.820e+00  3.154e+00  2.766e-01  0.000e+00
 0.0990  2.08222e+05  2.874e+00  2.082e+05  2.082e+05  4.529e+00  0.000e+00  2.084e+05 -1.796e+02  1.194e+00  3.079e+00  2.570e-01  0.000e+00
 0.1000  2.14793e+05  3.088e+00  2.148e+05  2.148e+05  4.316e+00  0.000e+00  2.150e+05 -1.800e+02  1.290e+00  2.794e+00  2.324e-01  0.000e+00
 0.1010  2.24042e+05  2.861e+00  2.240e+05  2.240e+05  4.557e+00  0.000e+00  2.242e+05 -1.803e+02  2.006e+00  2.348e+00  2.040e-01  0.000e+00
 0.1020  2.28760e+05  2.982e+00  2.288e+05  2.288e+05  4.446e+00  0.000e+00  2.289e+05 -1.803e+02  2.459e+00  1.814e+00  1.735e-01  0.000e+00
 0.1030  2.24479e+05  3.996e+00  2.245e+05  2.245e+05  3.424e+00  0.000e+00  2.247e+05 -1.798e+02  1.998e+00  1.283e+00  1.428e-01  0.000e+00
 0.1040  2.14168e+05  5.476e+00  2.142e+05  2.142e+05  1.927e+00  0.000e+00  2.143e+05 -1.789e+02  9.596e-01  8.537e-01  1.138e-01  0.000e+00
 0.1050  2.05121e+05  6.384e+00  2.051e+05  2.051e+05  1.009e+00  0.000e+00  2.053e+05 -1.780e+02  3.204e-01  6.003e-01  8.847e-02  0.000e+00
 0.1060  2.02531e+05  6.146e+00  2.025e+05  2.025e+05  1.255e+00  0.000e+00  2.027e+05 -1.773e+02  6.272e-01  5.597e-01  6.829e-02  0.000e+00
 0.1070  2.05676e+05  5.240e+00  2.057e+05  2.057e+05  2.179e+00  0.000e+00  2.058e+05 -1.769e+02  1.399e+00  7.248e-01  5.430e-02  0.000e+00
 0.1080  2.09145e+05  4.648e+00  2.091e+05  2.091e+05  2.778e+00  0.000e+00  2.093e+05 -1.768e+02  1.679e+00  1.052e+00  4.674e-02  0.000e+00
 0.1090  2.09866e+05  4.789e+00  2.099e+05  2.099e+05  2.627e+00  0.000e+00  2.100e+05 -1.771e+02  1.112e+00  1.470e+00  4.503e-02  0.000e+00
 0.1100  2.11539e+05  5.125e+00  2.115e+05  2.115e+05  2.277e+00  0.000e+00  2.117e+05 -1.776e+02  3.319e-01  1.898e+00  4.774e-02  0.000e+00
 0.1110  2.18844e+05  4.852e+00  2.188e+05  2.188e+05  2.548e+00  0.000e+00  2.190e+05 -1.784e+02  2.311e-01  2.265e+00  5.279e-02  0.000e+00
 0.1120  2.30288e+05  3.882e+00  2.303e+05  2.303e+05  3.532e+00  0.000e+00  2.305e+05 -1.791e+02  9.377e-01  2.537e+00  5.783e-02  0.000e+00
 0.1130  2.38538e+05  2.970e+00  2.385e+05  2.385e+05  4.457e+00  0.000e+00  2.387e+05 -1.796e+02  1.679e+00  2.718e+00  6.090e-02  0.000e+00
 0.1140  2.37287e+05  2.867e+00  2.373e+05  2.373e+05  4.558e+00  0.000e+00  2.375e+05 -1.796e+02  1.664e+00  2.834e+00  6.108e-02  0.000e+00
 0.1150  2.27645e+05  3.469e+00  2.276e+05  2.276e+05  3.942e+00  0.000e+00  2.278e+05 -1.793e+02  9.788e-01  2.904e+00  5.869e-02  0.000e+00
 0.1160  2.16638e+05  3.940e+00  2.166e+05  2.166e+05  3.459e+00  0.000e+00  2.168e+05 -1.787e+02  4.761e-01  2.928e+00  5.495e-02  0.000e+00
 0.1170  2.10478e+05  3.670e+00  2.105e+05  2.105e+05  3.734e+00  0.000e+00  2.106e+05 -1.781e+02  7.962e-01  2.887e+00  5.137e-02  0.000e+00
 0.1180  2.09858e+05  2.970e+00  2.099e+05  2.099e+05  4.450e+00  0.000e+00  2.100e+05 -1.777e+02  1.639e+00  2.761e+00  4.929e-02  0.000e+00
 0.1190  2.10394e+05  2.721e+00  2.104e+05  2.104e+05  4.707e+00  0.000e+00  2.106e+05 -1.775e+02  2.105e+00  2.553e+00  4.974e-02  0.000e+00
 0.1200  2.08943e+05  3.377e+00  2.089e+05  2.089e+05  4.043e+00  0.000e+00  2.091e+05 -1.776e+02  1.704e+00  2.285e+00  5.357e-02  0.000e+00
 0.1210  2.08598e+05  4.446e+00  2.086e+05  2.086e+05  2.958e+00  0.000e+00  2.088e+05 -1.779e+02  9.025e-01  1.993e+00  6.154e-02  0.000e+00
 0.1220  2.14157e+05  5.037e+00  2.142e+05  2.141e+05  2.361e+00  0.000e+00  2.143e+05 -1.785e+02  5.828e-01  1.704e+00  7.420e-02  0.000e+00
 0.1230  2.25086e+05  4.835e+00  2.251e+05  2.251e+05  2.573e+00  0.000e+00  2.253e+05 -1.792e+02  1.053e+00  1.428e+00  9.152e-02  0.000e+00
 0.1240  2.34966e+05  4.421e+00  2.350e+05  2.350e+05  3.002e+00  0.000e+00  2.351e+05 -1.797e+02  1.715e+00  1.174e+00  1.127e-01  0.000e+00
 0.1250  2.37004e+05  4.566e+00  2.370e+05  2.370e+05  2.857e+00  0.000e+00  2.372e+05 -1.797e+02  1.754e+00  9.669e-01  1.363e-01  0.000e+00
 0.1260  2.30225e+05  5.326e+00  2.302e+05  2.302e+05  2.084e+00  0.000e+00  2.304e+05 -1.794e+02  1.065e+00  8.591e-01  1.605e-01  0.000e+00
 0.1270  2.19761e+05  5.936e+00  2.198e+05  2.198e+05  1.460e+00  0.000e+00  2.199e+05 -1.787e+02  3.663e-01  9.099e-01  1.840e-01  0.000e+00
 0.1280  2.11715e+05  5.646e+00  2.117e+05  2.117e+05  1.752e+00  0.000e+00  2.119e+05 -1.779e+02  3.969e-01  1.149e+00  2.059e-01  0.000e+00
 0.1290  2.08457e+05  4.543e+00  2.085e+05  2.085e+05  2.869e+00  0.000e+00  2.086e+05 -1.773e+02  1.090e+00  1.553e+00  2.258e-01  0.000e+00
 0.1300  2.07395e+05  3.462e+00  2.074e+05  2.074e+05  3.963e+00  0.000e+00  2.076e+05 -1.770e+02  1.665e+00  2.054e+00  2.438e-01  0.000e+00
 0.1310  2.05252e+05  3.090e+00  2.052e+05  2.052e+05  4.331e+00  0.000e+00  2.054e+05 -1.771e+02  1.511e+00  2.559e+00  2.603e-01  0.000e+00
 0.1320  2.03885e+05  3.277e+00  2.039e+05  2.039e+05  4.131e+00  0.000e+00  2.041e+05 -1.775e+02  8.716e-01  2.984e+00  2.759e-01  0.000e+00
 0.1330  2.08165e+05  3.299e+00  2.082e+05  2.082e+05  4.102e+00  0.000e+00  2.083e+05 -1.783e+02  5.581e-01  3.253e+00  2.908e-01  0.000e+00
 0.1340  2.18906e+05  2.760e+00  2.189e+05  2.189e+05  4.649e+00  0.000e+00  2.191e+05 -1.793e+02  1.035e+00  3.309e+00  3.053e-01  0.000e+00
 0.1350  2.30633e+05  2.087e+00  2.306e+05  2.306e+05  5.336e+00  0.000e+00  2.308e+05 -1.801e+02  1.897e+00  3.120e+00  3.193e-01  0.000e+00
 0.1360  2.35845e+05  2.067e+00  2.358e+05  2.358e+05  5.360e+00  0.000e+00  2.360e+05 -1.807e+02  2.326e+00  2.702e+00  3.324e-01  0.000e+00
 0.1370  2.31548e+05  2.953e+00  2.315e+05  2.315e+05  4.464e+00  0.000e+00  2.317e+05 -1.807e+02  1.991e+00  2.128e+00  3.443e-01  0.000e+00
 0.1380  2.21335e+05  4.148e+00  2.213e+05  2.213e+05  3.255e+00  0.000e+00  2.215e+05 -1.802e+02  1.393e+00  1.507e+00  3.545e-01  0.000e+00
 0.1390  2.11220e+05  4.817e+00  2.112e+05  2.112e+05  2.582e+00  0.000e+00  2.114e+05 -1.794e+02  1.270e+00  9.487e-01  3.625e-01  0.000e+00
 0.1400  2.04835e+05  4.738e+00  2.048e+05  2.048e+05  2.670e+00  0.000e+00  2.050e+05 -1.786e+02  1.761e+00  5.415e-01  3.677e-01  0.000e+00
 0.1410  2.01448e+05  4.446e+00  2.014e+05  2.014e+05  2.973e+00  0.000e+00  2.016e+05 -1.780e+02  2.267e+00  3.367e-01  3.696e-01  0.000e+00
 0.1420  1.98413e+05  4.554e+00  1.984e+05  1.984e+05  2.864e+00  0.000e+00  1.986e+05 -1.776e+02  2.147e+00  3.486e-01  3.683e-01  0.000e+00
 0.1430  1.96601e+05  5.052e+00  1.966e+05  1.966e+05  2.356e+00  0.000e+00  1.968e+05 -1.776e+02  1.436e+00  5.557e-01  3.641e-01  0.000e+00
 0.1440  2.00402e+05  5.348e+00  2.004e+05  2.004e+05  2.052e+00  0.000e+00  2.006e+05 -1.780e+02  7.888e-01  9.057e-01  3.577e-01  0.000e+00
 0.1450  2.11620e+05  4.981e+00  2.116e+05  2.116e+05  2.423e+00  0.000e+00  2.118e+05 -1.787e+02  7.473e-01  1.326e+00  3.497e-01  0.000e+00
 0.1460  2.26272e+05  4.157e+00  2.263e+05  2.263e+05  3.258e+00  0.000e+00  2.264e+05 -1.795e+02  1.178e+00  1.739e+00  3.408e-01  0.000e+00
 0.1470  2.37394e+05  3.521e+00  2.374e+05  2.374e+05  3.901e+00  0.000e+00  2.376e+05 -1.801e+02  1.483e+00  2.086e+00  3.312e-01  0.000e+00
 0.1480  2.40532e+05  3.454e+00  2.405e+05  2.405e+05  3.963e+00  0.000e+00  2.407e+05 -1.802e+02  1.304e+00  2.338e+00  3.211e-01  0.000e+00
 0.1490  2.36587e+05  3.694e+00  2.366e+05  2.366e+05  3.713e+00  0.000e+00  2.368e+05 -1.797e+02  9.062e-01  2.497e+00  3.106e-01  0.000e+00
 0.1500  2.29549e+05  3.684e+00  2.295e+05  2.295e+05  3.720e+00  0.000e+00  2.297e+05 -1.790e+02  8.441e-01  2.577e+00  2.992e-01  0.000e+00
 0.1510  2.22771e+05  3.228e+00  2.228e+05  2.228e+05  4.183e+00  0.000e+00  2.229e+05 -1.780e+02  1.308e+00  2.588e+00  2.866e-01  0.000e+00
 0.1520  2.16929e+05  2.705e+00  2.169e+05  2.169e+05  4.715e+00  0.000e+00  2.171e+05 -1.771e+02  1.907e+00  2.535e+00  2.725e-01  0.000e+00
 0.1530  2.10909e+05  2.630e+00  2.109e+05  2.109e+05  4.791e+00  0.000e+00  2.111e+05 -1.764e+02  2.109e+00  2.426e+00  2.568e-01  0.000e+00
 0.1540  2.05827e+05  3.076e+00  2.058e+05  2.058e+05  4.337e+00  0.000e+00  2.060e+05 -1.762e+02  1.821e+00  2.277e+00  2.395e-01  0.000e+00
 0.1550  2.05829e+05  3.624e+00  2.058e+05  2.058e+05  3.782e+00  0.000e+00  2.060e+05 -1.765e+02  1.460e+00  2.102e+00  2.205e-01  0.000e+00
 0.1560  2.13158e+05  3.864e+00  2.132e+05  2.132e+05  3.544e+00  0.000e+00  2.133e+05 -1.773e+02  1.444e+00  1.901e+00  1.994e-01  0.000e+00
 0.1570  2.24825e+05  3.860e+00  2.248e+05  2.248e+05  3.555e+00  0.000e+00  2.250e+05 -1.783e+02  1.712e+00  1.667e+00  1.763e-01  0.000e+00
 0.1580  2.34740e+05  4.040e+00  2.347e+05  2.347e+05  3.380e+00  0.000e+00  2.349e+05 -1.793e+02  1.825e+00  1.403e+00  1.517e-01  0.000e+00
 0.1590  2.38401e+05  4.647e+00  2.384e+05  2.384e+05  2.768e+00  0.000e+00  2.386e+05 -1.800e+02  1.502e+00  1.139e+00  1.269e-01  0.000e+00
 0.1600  2.35537e+05  5.408e+00  2.355e+05  2.355e+05  1.998e+00  0.000e+00  2.357e+05 -1.802e+02  9.638e-01  9.308e-01  1.038e-01  0.000e+00
 0.1610  2.28674e+05  5.799e+00  2.287e+05  2.287e+05  1.603e+00  0.000e+00  2.288e+05 -1.800e+02  6.870e-01  8.322e-01  8.408e-02  0.000e+00
 0.1620  2.20333e+05  5.601e+00  2.203e+05  2.203e+05  1.806e+00  0.000e+00  2.205e+05 -1.793e+02  8.618e-01  8.755e-01  6.904e-02  0.000e+00
 0.1630  2.11609e+05  5.101e+00  2.116e+05  2.116e+05  2.314e+00  0.000e+00  2.118e+05 -1.785e+02  1.192e+00  1.063e+00  5.908e-02  0.000e+00
 0.1640  2.02707e+05  4.727e+00  2.027e+05  2.027e+05  2.690e+00  0.000e+00  2.029e+05 -1.777e+02  1.262e+00  1.373e+00  5.400e-02  0.000e+00
 0.1650  1.95531e+05  4.566e+00  1.955e+05  1.955e+05  2.845e+00  0.000e+00  1.957e+05 -1.773e+02  1.019e+00  1.773e+00  5.313e-02  0.000e+00
 0.1660  1.94191e+05  4.328e+00  1.942e+05  1.942e+05  3.078e+00  0.000e+00  1.944e+05 -1.772e+02  8.061e-01  2.217e+00  5.547e-02  0.000e+00
 0.1670  2.00935e+05  3.774e+00  2.009e+05  2.009e+05  3.636e+00  0.000e+00  2.011e+05 -1.777e+02  9.254e-01  2.651e+00  5.976e-02  0.000e+00
 0.1680  2.13097e+05  3.065e+00  2.131e+05  2.131e+05  4.352e+00  0.000e+00  2.133e+05 -1.785e+02  1.277e+00  3.010e+00  6.455e-02  0.000e+00
 0.1690  2.25125e+05  2.630e+00  2.251e+05  2.251e+05  4.791e+00  0.000e+00  2.253e+05 -1.794e+02  1.493e+00  3.229e+00  6.844e-02  0.000e+00
 0.1700  2.32979e+05  2.698e+00  2.330e+05  2.330e+05  4.719e+00  0.000e+00  2.332e+05 -1.801e+02  1.385e+00  3.264e+00  7.028e-02  0.000e+00
 0.1710  2.35816e+05  3.083e+00  2.358e+05  2.358e+05  4.329e+00  0.000e+00  2.360e+05 -1.803e+02  1.153e+00  3.106e+00  6.952e-02  0.000e+00
 0.1720  2.34085e+05  3.428e+00  2.341e+05  2.341e+05  3.982e+00  0.000e+00  2.343e+05 -1.801e+02  1.123e+00  2.792e+00  6.633e-02  0.000e+00
 0.1730  2.28043e+05  3.623e+00  2.280e+05  2.280e+05  3.790e+00  0.000e+00  2.282e+05 -1.794e+02  1.348e+00  2.380e+00  6.166e-02  0.000e+00
 0.1740  2.18281e+05  3.876e+00  2.183e+05  2.183e+05  3.541e+00  0.000e+00  2.185e+05 -1.785e+02  1.551e+00  1.933e+00  5.704e-02  0.000e+00
 0.1750  2.06290e+05  4.376e+00  2.063e+05  2.063e+05  3.038e+00  0.000e+00  2.065e+05 -1.775e+02  1.475e+00  1.509e+00  5.433e-02  0.000e+00
 0.1760  1.95313e+05  4.989e+00  1.953e+05  1.953e+05  2.419e+00  0.000e+00  1.955e+05 -1.767e+02  1.207e+00  1.157e+00  5.545e-02  0.000e+00
 0.1770  1.90093e+05  5.349e+00  1.901e+05  1.901e+05  2.055e+00  0.000e+00  1.903e+05 -1.765e+02  1.077e+00  9.162e-01  6.203e-02  0.000e+00
 0.1780  1.93342e+05  5.270e+00  1.933e+05  1.933e+05  2.138e+00  0.000e+00  1.935e+05 -1.769e+02  1.256e+00  8.071e-01  7.507e-02  0.000e+00
 0.1790  2.03034e+05  4.963e+00  2.030e+05  2.030e+05  2.451e+00  0.000e+00  2.032e+05 -1.777e+02  1.523e+00  8.330e-01  9.459e-02  0.000e+00
 0.1800  2.14278e+05  4.798e+00  2.143e+05  2.143e+05  2.618e+00  0.000e+00  2.144e+05 -1.788e+02  1.512e+00  9.869e-01  1.195e-01  0.000e+00
 0.1810  2.23543e+05  4.859e+00  2.235e+05  2.235e+05  2.551e+00  0.000e+00  2.237e+05 -1.799e+02  1.143e+00  1.260e+00  1.477e-01  0.000e+00
 0.1820  2.30238e+05  4.839e+00  2.302e+05  2.302e+05  2.565e+00  0.000e+00  2.304e+05 -1.806e+02  7.521e-01  1.637e+00  1.768e-01  0.000e+00
 0.1830  2.34350e+05  4.407e+00  2.343e+05  2.343e+05  2.999e+00  0.000e+00  2.345e+05 -1.809e+02  7.220e-01  2.072e+00  2.045e-01  0.000e+00
 0.1840  2.34517e+05  3.651e+00  2.345e+05  2.345e+05  3.764e+00  0.000e+00  2.347e+05 -1.807e+02  1.047e+00  2.488e+00  2.287e-01  0.000e+00
 0.1850  2.29296e+05  3.050e+00  2.293e+05  2.293e+05  4.371e+00  0.000e+00  2.295e+05 -1.800e+02  1.331e+00  2.791e+00  2.487e-01  0.000e+00
 0.1860  2.19128e+05  2.983e+00  2.191e+05  2.191e+05  4.436e+00  0.000e+00  2.193e+05 -1.789e+02  1.255e+00  2.916e+00  2.643e-01  0.000e+00
 0.1870  2.07474e+05  3.310e+00  2.075e+05  2.075e+05  4.100e+00  0.000e+00  2.076e+05 -1.778e+02  9.664e-01  2.857e+00  2.765e-01  0.000e+00
 0.1880  2.00129e+05  3.529e+00  2.001e+05  2.001e+05  3.876e+00  0.000e+00  2.003e+05 -1.770e+02  9.273e-01  2.662e+00  2.866e-01  0.000e+00
 0.1890  2.01118e+05  3.351e+00  2.011e+05  2.011e+05  4.058e+00  0.000e+00  2.013e+05 -1.766e+02  1.366e+00  2.397e+00  2.957e-01  0.000e+00
 0.1900  2.09218e+05  3.036e+00  2.092e+05  2.092e+05  4.383e+00  0.000e+00  2.094e+05 -1.768e+02  1.968e+00  2.110e+00  3.046e-01  0.000e+00
 0.1910  2.19410e+05  3.090e+00  2.194e+05  2.194e+05  4.331e+00  0.000e+00  2.196e+05 -1.774e+02  2.199e+00  1.818e+00  3.137e-01  0.000e+00
 0.1920  2.27846e+05  3.669e+00  2.278e+05  2.278e+05  3.745e+00  0.000e+00  2.280e+05 -1.781e+02  1.904e+00  1.519e+00  3.230e-01  0.000e+00
 0.1930  2.34661e+05  4.361e+00  2.347e+05  2.347e+05  3.044e+00  0.000e+00  2.348e+05 -1.788e+02  1.494e+00  1.217e+00  3.327e-01  0.000e+00
 0.1940  2.40943e+05  4.641e+00  2.409e+05  2.409e+05  2.763e+00  0.000e+00  2.411e+05 -1.792e+02  1.482e+00  9.385e-01  3.427e-01  0.000e+00
 0.1950  2.44503e+05  4.458e+00  2.445e+05  2.445e+05  2.955e+00  0.000e+00  2.447e+05 -1.793e+02  1.878e+00  7.236e-01  3.528e-01  0.000e+00
 0.1960  2.41128e+05  4.284e+00  2.411e+05  2.411e+05  3.136e+00  0.000e+00  2.413e+05 -1.789e+02  2.158e+00  6.155e-01  3.623e-01  0.000e+00
 0.1970  2.29520e+05  4.545e+00  2.295e+05  2.295e+05  2.872e+00  0.000e+00  2.297e+05 -1.782e+02  1.856e+00  6.457e-01  3.701e-01  0.000e+00
 0.1980  2.13632e+05  5.083e+00  2.136e+05  2.136e+05  2.324e+00  0.000e+00  2.138e+05 -1.774e+02  1.122e+00  8.263e-01  3.752e-01  0.000e+00
 0.1990  2.00600e+05  5.282e+00  2.006e+05  2.006e+05  2.118e+00  0.000e+00  2.008e+05 -1.768e+02  5.945e-01  1.147e+00  3.768e-01  0.000e+00
 0.2000  1.95818e+05  4.752e+00  1.958e+05  1.958e+05  2.652e+00  0.000e+00  1.960e+05 -1.767e+02  7.067e-01  1.571e+00  3.742e-01  0.000e+00
 0.2010  1.99319e+05  3.788e+00  1.993e+05  1.993e+05  3.629e+00  0.000e+00  1.995e+05 -1.771e+02  1.220e+00  2.042e+00  3.673e-01  0.000e+00
 0.2020  2.06798e+05  3.075e+00  2.068e+05  2.068e+05  4.348e+00  0.000e+00  2.070e+05 -1.780e+02  1.509e+00  2.483e+00  3.563e-01  0.000e+00
 0.2030  2.14147e+05  2.971e+00  2.141e+05  2.141e+05  4.446e+00  0.000e+00  2.143e+05 -1.792e+02  1.283e+00  2.821e+00  3.419e-01  0.000e+00
 0.2040  2.20930e+05  3.166e+00  2.209e+05  2.209e+05  4.242e+00  0.000e+00  2.211e+05 -1.803e+02  9.133e-01  3.003e+00  3.252e-01  0.000e+00
 0.2050  2.28422e+05  3.110e+00  2.284e+05  2.284e+05  4.296e+00  0.000e+00  2.286e+05 -1.811e+02  9.891e-01  3.000e+00  3.072e-01  0.000e+00
 0.2060  2.34799e+05  2.717e+00  2.348e+05  2.348e+05  4.699e+00  0.000e+00  2.350e+05 -1.815e+02  1.601e+00  2.810e+00  2.885e-01  0.000e+00
 0.2070  2.34902e+05  2.509e+00  2.349e+05  2.349e+05  4.916e+00  0.000e+00  2.351e+05 -1.813e+02  2.191e+00  2.455e+00  2.693e-01  0.000e+00
 0.2080  2.25765e+05  3.014e+00  2.258e+05  2.258e+05  4.408e+00  0.000e+00  2.259e+05 -1.805e+02  2.169e+00  1.990e+00  2.495e-01  0.000e+00
 0.2090  2.10617e+05  4.090e+00  2.106e+05  2.106e+05  3.319e+00  0.000e+00  2.108e+05 -1.793e+02  1.594e+00  1.496e+00  2.294e-01  0.000e+00
 0.2100  1.96778e+05  4.987e+00  1.968e+05  1.968e+05  2.412e+00  0.000e+00  1.969e+05 -1.780e+02  1.130e+00  1.072e+00  2.092e-01  0.000e+00
 0.2110  1.90218e+05  5.105e+00  1.902e+05  1.902e+05  2.296e+00  0.000e+00  1.904e+05 -1.771e+02  1.294e+00  8.135e-01  1.892e-01  0.000e+00
 0.2120  1.91835e+05  4.627e+00  1.918e+05  1.918e+05  2.787e+00  0.000e+00  1.920e+05 -1.766e+02  1.845e+00  7.722e-01  1.699e-01  0.000e+00
 0.2130  1.98162e+05  4.287e+00  1.982e+05  1.982e+05  3.136e+00  0.000e+00  1.983e+05 -1.767e+02  2.045e+00  9.397e-01  1.513e-01  0.000e+00
 0.2140  2.05465e+05  4.538e+00  2.055e+05  2.055e+05  2.879e+00  0.000e+00  2.056e+05 -1.773e+02  1.498e+00  1.247e+00  1.336e-01  0.000e+00
 0.2150  2.13428e+05  5.057e+00  2.134e+05  2.134e+05  2.347e+00  0.000e+00  2.136e+05 -1.781e+02  6.328e-01  1.598e+00  1.165e-01  0.000e+00
 0.2160  2.24079e+05  5.140e+00  2.241e+05  2.241e+05  2.261e+00  0.000e+00  2.243e+05 -1.791e+02  2.530e-01  1.908e+00  1.001e-01  0.000e+00
 0.2170  2.36568e+05  4.542e+00  2.366e+05  2.366e+05  2.868e+00  0.000e+00  2.367e+05 -1.799e+02  6.519e-01  2.131e+00  8.480e-02  0.000e+00
 0.2180  2.44582e+05  3.795e+00  2.446e+05  2.446e+05  3.628e+00  0.000e+00  2.448e+05 -1.803e+02  1.291e+00  2.266e+00  7.106e-02  0.000e+00
 0.2190  2.41518e+05  3.619e+00  2.415e+05  2.415e+05  3.806e+00  0.000e+00  2.417e+05 -1.800e+02  1.405e+00  2.341e+00  5.963e-02  0.000e+00
 0.2200  2.27949e+05  4.097e+00  2.279e+05  2.279e+05  3.316e+00  0.000e+00  2.281e+05 -1.792e+02  8.641e-01  2.401e+00  5.118e-02  0.000e+00
 0.2210  2.11538e+05  4.555e+00  2.115e+05  2.115e+05  2.845e+00  0.000e+00  2.117e+05 -1.782e+02  3.088e-01  2.490e+00  4.610e-02  0.000e+00
 0.2220  2.00076e+05  4.308e+00  2.001e+05  2.001e+05  3.093e+00  0.000e+00  2.002e+05 -1.773e+02  4.139e-01  2.635e+00  4.414e-02  0.000e+00
 0.2230  1.96215e+05  3.438e+00  1.962e+05  1.962e+05  3.978e+00  0.000e+00  1.964e+05 -1.768e+02  1.106e+00  2.828e+00  4.421e-02  0.000e+00
 0.2240  1.97863e+05  2.731e+00  1.979e+05  1.979e+05  4.696e+00  0.000e+00  1.980e+05 -1.768e+02  1.636e+00  3.016e+00  4.463e-02  0.000e+00
 0.2250  2.02074e+05  2.835e+00  2.021e+05  2.021e+05  4.589e+00  0.000e+00  2.022e+05 -1.773e+02  1.428e+00  3.118e+00  4.390e-02  0.000e+00
 0.2260  2.08531e+05  3.571e+00  2.085e+05  2.085e+05  3.839e+00  0.000e+00  2.087e+05 -1.783e+02  7.406e-01  3.057e+00  4.149e-02  0.000e+00
 0.2270  2.19155e+05  4.176e+00  2.192e+05  2.191e+05  3.226e+00  0.000e+00  2.193e+05 -1.794e+02  3.861e-01  2.802e+00  3.806e-02  0.000e+00
 0.2280  2.33633e+05  4.176e+00  2.336e+05  2.336e+05  3.233e+00  0.000e+00  2.338e+05 -1.804e+02  8.130e-01  2.385e+00  3.507e-02  0.000e+00
 0.2290  2.45800e+05  3.913e+00  2.458e+05  2.458e+05  3.509e+00  0.000e+00  2.460e+05 -1.809e+02  1.593e+00  1.881e+00  3.402e-02  0.000e+00
 0.2300  2.47197e+05  4.111e+00  2.472e+05  2.472e+05  3.315e+00  0.000e+00  2.474e+05 -1.808e+02  1.893e+00  1.386e+00  3.595e-02  0.000e+00
 0.2310  2.35814e+05  4.979e+00  2.358e+05  2.358e+05  2.435e+00  0.000e+00  2.360e+05 -1.799e+02  1.408e+00  9.854e-01  4.141e-02  0.000e+00
 0.2320  2.18629e+05  5.886e+00  2.186e+05  2.186e+05  1.514e+00  0.000e+00  2.188e+05 -1.785e+02  7.177e-01  7.451e-01  5.075e-02  0.000e+00
 0.2330  2.04615e+05  5.998e+00  2.046e+05  2.046e+05  1.399e+00  0.000e+00  2.048e+05 -1.771e+02  6.322e-01  7.028e-01  6.423e-02  0.000e+00
 0.2340  1.97886e+05  5.185e+00  1.979e+05  1.979e+05  2.224e+00  0.000e+00  1.981e+05 -1.761e+02  1.275e+00  8.673e-01  8.210e-02  0.000e+00
 0.2350  1.97190e+05  4.181e+00  1.972e+05  1.972e+05  3.242e+00  0.000e+00  1.974e+05 -1.756e+02  1.920e+00  1.218e+00  1.044e-01  0.000e+00
 0.2360  1.99578e+05  3.794e+00  1.996e+05  1.996e+05  3.630e+00  0.000e+00  1.997e+05 -1.757e+02  1.794e+00  1.706e+00  1.307e-01  0.000e+00
 0.2370  2.04274e+05  4.051e+00  2.043e+05  2.043e+05  3.360e+00  0.000e+00  2.044e+05 -1.765e+02  9.431e-01  2.257e+00  1.598e-01  0.000e+00
 0.2380  2.13340e+05  4.226e+00  2.133e+05  2.133e+05  3.174e+00  0.000e+00  2.135e+05 -1.777e+02  2.031e-01  2.781e+00  1.897e-01  0.000e+00
 0.2390  2.27867e+05  3.717e+00  2.279e+05  2.279e+05  3.688e+00  0.000e+00  2.280e+05 -1.791e+02  2.880e-01  3.182e+00  2.182e-01  0.000e+00
 0.2400  2.43189e+05  2.783e+00  2.432e+05  2.432e+05  4.638e+00  0.000e+00  2.434e+05 -1.803e+02  1.021e+00  3.374e+00  2.430e-01  0.000e+00
 0.2410  2.49891e+05  2.301e+00  2.499e+05  2.499e+05  5.129e+00  0.000e+00  2.501e+05 -1.809e+02  1.558e+00  3.308e+00  2.628e-01  0.000e+00
 0.2420  2.42480e+05  2.795e+00  2.425e+05  2.425e+05  4.627e+00  0.000e+00  2.427e+05 -1.807e+02  1.355e+00  2.995e+00  2.773e-01  0.000e+00
 0.2430  2.25421e+05  3.829e+00  2.254e+05  2.254e+05  3.576e+00  0.000e+00  2.256e+05 -1.800e+02  7.803e-01  2.508e+00  2.874e-01  0.000e+00
 0.2440  2.07970e+05  4.456e+00  2.080e+05  2.080e+05  2.941e+00  0.000e+00  2.081e+05 -1.788e+02  6.871e-01  1.959e+00  2.947e-01  0.000e+00
 0.2450  1.95810e+05  4.230e+00  1.958e+05  1.958e+05  3.176e+00  0.000e+00  1.960e+05 -1.778e+02  1.417e+00  1.459e+00  3.011e-01  0.000e+00
 0.2460  1.89123e+05  3.658e+00  1.891e+05  1.891e+05  3.763e+00  0.000e+00  1.893e+05 -1.771e+02  2.372e+00  1.083e+00  3.079e-01  0.000e+00
 0.2470  1.86085e+05  3.597e+00  1.861e+05  1.861e+05  3.828e+00  0.000e+00  1.863e+05 -1.769e+02  2.654e+00  8.580e-01  3.159e-01  0.000e+00
 0.2480  1.86699e+05  4.274e+00  1.867e+05  1.867e+05  3.140e+00  0.000e+00  1.869e+05 -1.772e+02  2.046e+00  7.688e-01  3.253e-01  0.000e+00
 0.2490  1.93488e+05  5.037e+00  1.935e+05  1.935e+05  2.363e+00  0.000e+00  1.937e+05 -1.781e+02  1.244e+00  7.839e-01  3.359e-01  0.000e+00
 0.2500  2.08378e+05  5.101e+00  2.084e+05  2.084e+05  2.299e+00  0.000e+00  2.085e+05 -1.794e+02  1.074e+00  8.771e-01  3.475e-01  0.000e+00
 0.2510  2.28164e+05  4.428e+00  2.282e+05  2.282e+05  2.984e+00  0.000e+00  2.283e+05 -1.807e+02  1.590e+00  1.035e+00  3.597e-01  0.000e+00
 0.2520  2.43560e+05  3.763e+00  2.436e+05  2.436e+05  3.662e+00  0.000e+00  2.437e+05 -1.814e+02  2.039e+00  1.251e+00  3.717e-01  0.000e+00
 0.2530  2.45986e+05  3.785e+00  2.460e+05  2.460e+05  3.638e+00  0.000e+00  2.462e+05 -1.815e+02  1.739e+00  1.517e+00  3.824e-01  0.000e+00
 0.2540  2.35913e+05  4.351e+00  2.359e+05  2.359e+05  3.058e+00  0.000e+00  2.361e+05 -1.807e+02  8.493e-01  1.818e+00  3.903e-01  0.000e+00
 0.2550  2.21293e+05  4.663e+00  2.213e+05  2.213e+05  2.735e+00  0.000e+00  2.215e+05 -1.794e+02  2.018e-01  2.140e+00  3.939e-01  0.000e+00
 0.2560  2.09141e+05  4.162e+00  2.091e+05  2.091e+05  3.242e+00  0.000e+00  2.093e+05 -1.778e+02  3.902e-01  2.459e+00  3.921e-01  0.000e+00
 0.2570  2.01445e+05  3.149e+00  2.014e+05  2.014e+05  4.270e+00  0.000e+00  2.016e+05 -1.765e+02  1.140e+00  2.745e+00  3.846e-01  0.000e+00
 0.2580  1.97257e+05  2.464e+00  1.973e+05  1.973e+05  4.963e+00  0.000e+00  1.974e+05 -1.757e+02  1.639e+00  2.952e+00  3.721e-01  0.000e+00
 0.2590  1.96400e+05  2.600e+00  1.964e+05  1.964e+05  4.821e+00  0.000e+00  1.966e+05 -1.755e+02  1.438e+00  3.028e+00  3.557e-01  0.000e+00
 0.2600  2.00986e+05  3.221e+00  2.010e+05  2.010e+05  4.187e+00  0.000e+00  2.012e+05 -1.760e+02  9.112e-01  2.939e+00  3.371e-01  0.000e+00
 0.2610  2.13401e+05  3.608e+00  2.134e+05  2.134e+05  3.796e+00  0.000e+00  2.136e+05 -1.772e+02  7.992e-01  2.680e+00  3.173e-01  0.000e+00
 0.2620  2.32084e+05  3.484e+00  2.321e+05  2.321e+05  3.928e+00  0.000e+00  2.323e+05 -1.786e+02  1.348e+00  2.283e+00  2.969e-01  0.000e+00
 0.2630  2.49193e+05  3.307e+00  2.492e+05  2.492e+05  4.116e+00  0.000e+00  2.494e+05 -1.799e+02  2.026e+00  1.813e+00  2.762e-01  0.000e+00
 0.2640  2.55185e+05  3.696e+00  2.552e+05  2.552e+05  3.727e+00  0.000e+00  2.554e+05 -1.805e+02  2.117e+00  1.355e+00  2.555e-01  0.000e+00
 0.2650  2.47551e+05  4.666e+00  2.475e+05  2.475e+05  2.746e+00  0.000e+00  2.477e+05 -1.804e+02  1.521e+00  9.890e-01  2.356e-01  0.000e+00
 0.2660  2.32204e+05  5.538e+00  2.322e+05  2.322e+05  1.861e+00  0.000e+00  2.324e+05 -1.796e+02  8.648e-01  7.793e-01  2.172e-01  0.000e+00
 0.2670  2.16360e+05  5.640e+00  2.164e+05  2.164e+05  1.760e+00  0.000e+00  2.165e+05 -1.785e+02  8.028e-01  7.562e-01  2.007e-01  0.000e+00
 0.2680  2.03432e+05  5.007e+00  2.034e+05  2.034e+05  2.405e+00  0.000e+00  2.036e+05 -1.773e+02  1.301e+00  9.183e-01  1.856e-01  0.000e+00
 0.2690  1.93873e+05  4.313e+00  1.939e+05  1.939e+05  3.108e+00  0.000e+00  1.940e+05 -1.765e+02  1.699e+00  1.238e+00  1.709e-01  0.000e+00
 0.2700  1.88229e+05  4.128e+00  1.882e+05  1.882e+05  3.291e+00  0.000e+00  1.884e+05 -1.763e+02  1.465e+00  1.671e+00  1.561e-01  0.000e+00
 0.2710  1.88663e+05  4.329e+00  1.887e+05  1.887e+05  3.080e+00  0.000e+00  1.888e+05 -1.768e+02  7.803e-01  2.158e+00  1.411e-01  0.000e+00
 0.2720  1.97670e+05  4.322e+00  1.977e+05  1.977e+05  3.081e+00  0.000e+00  1.978e+05 -1.779e+02  3.180e-01  2.637e+00  1.263e-01  0.000e+00
 0.2730  2.14824e+05  3.774e+00  2.148e+05  2.148e+05  3.636e+00  0.000e+00  2.150e+05 -1.793e+02  4.820e-01  3.041e+00  1.123e-01  0.000e+00
 0.2740  2.34209e+05  3.023e+00  2.342e+05  2.342e+05  4.397e+00  0.000e+00  2.344e+05 -1.807e+02  9.872e-01  3.311e+00  9.930e-02  0.000e+00
 0.2750  2.46727e+05  2.711e+00  2.467e+05  2.467e+05  4.713e+00  0.000e+00  2.469e+05 -1.816e+02  1.222e+00  3.404e+00  8.695e-02  0.000e+00
 0.2760  2.47277e+05  3.081e+00  2.473e+05  2.473e+05  4.337e+00  0.000e+00  2.475e+05 -1.816e+02  9.457e-01  3.316e+00  7.463e-02  0.000e+00
 0.2770  2.38112e+05  3.741e+00  2.381e+05  2.381e+05  3.667e+00  0.000e+00  2.383e+05 -1.809e+02  5.242e-01  3.081e+00  6.177e-02  0.000e+00
 0.2780  2.24450e+05  4.118e+00  2.244e+05  2.244e+05  3.288e+00  0.000e+00  2.246e+05 -1.795e+02  4.721e-01  2.768e+00  4.837e-02  0.000e+00
 0.2790  2.09886e+05  4.068e+00  2.099e+05  2.099e+05  3.344e+00  0.000e+00  2.101e+05 -1.779e+02  8.610e-01  2.448e+00  3.515e-02  0.000e+00
 0.2800  1.96371e+05  3.962e+00  1.964e+05  1.964e+05  3.458e+00  0.000e+00  1.965e+05 -1.764e+02  1.264e+00  2.170e+00  2.336e-02  0.000e+00
 0.2810  1.86144e+05  4.193e+00  1.861e+05  1.861e+05  3.225e+00  0.000e+00  1.863e+05 -1.754e+02  1.269e+00  1.942e+00  1.434e-02  0.000e+00
 0.2820  1.82379e+05  4.716e+00  1.824e+05  1.824e+05  2.695e+00  0.000e+00  1.825e+05 -1.752e+02  9.417e-01  1.744e+00  9.017e-03  0.000e+00
 0.2830  1.87857e+05  5.114e+00  1.879e+05  1.878e+05  2.291e+00  0.000e+00  1.880e+05 -1.759e+02  7.286e-01  1.555e+00  7.728e-03  0.000e+00
 0.2840  2.02523e+05  5.094e+00  2.025e+05  2.025e+05  2.315e+00  0.000e+00  2.027e+05 -1.773e+02  9.229e-01  1.382e+00  1.024e-02  0.000e+00
 0.2850  2.21463e+05  4.805e+00  2.215e+05  2.215e+05  2.610e+00  0.000e+00  2.216e+05 -1.791e+02  1.329e+00  1.265e+00  1.612e-02  0.000e+00
 0.2860  2.36412e+05  4.631e+00  2.364e+05  2.364e+05  2.787e+00  0.000e+00  2.366e+05 -1.806e+02  1.502e+00  1.260e+00  2.512e-02  0.000e+00
 0.2870  2.41725e+05  4.712e+00  2.417e+05  2.417e+05  2.701e+00  0.000e+00  2.419e+05 -1.815e+02  1.272e+00  1.392e+00  3.727e-02  0.000e+00
 0.2880  2.37890e+05  4.782e+00  2.379e+05  2.379e+05  2.625e+00  0.000e+00  2.381e+05 -1.816e+02  9.332e-01  1.640e+00  5.262e-02  0.000e+00
 0.2890  2.28219e+05  4.507e+00  2.282e+05  2.282e+05  2.900e+00  0.000e+00  2.284e+05 -1.810e+02  8.821e-01  1.947e+00  7.081e-02  0.000e+00
 0.2900  2.15183e+05  3.919e+00  2.152e+05  2.152e+05  3.496e+00  0.000e+00  2.154e+05 -1.798e+02  1.148e+00  2.257e+00  9.094e-02  0.000e+00
 0.2910  2.00812e+05  3.414e+00  2.008e+05  2.008e+05  4.006e+00  0.000e+00  2.010e+05 -1.784e+02  1.364e+00  2.530e+00  1.118e-01  0.000e+00
 0.2920  1.88311e+05  3.332e+00  1.883e+05  1.883e+05  4.087e+00  0.000e+00  1.885e+05 -1.773e+02  1.213e+00  2.742e+00  1.325e-01  0.000e+00
 0.2930  1.81900e+05  3.586e+00  1.819e+05  1.819e+05  3.826e+00  0.000e+00  1.821e+05 -1.766e+02  7.950e-01  2.878e+00  1.528e-01  0.000e+00
 0.2940  1.85098e+05  3.792e+00  1.851e+05  1.851e+05  3.616e+00  0.000e+00  1.853e+05 -1.767e+02  5.163e-01  2.927e+00  1.731e-01  0.000e+00
 0.2950  1.98582e+05  3.713e+00  1.986e+05  1.986e+05  3.698e+00  0.000e+00  1.988e+05 -1.776e+02  6.286e-01  2.876e+00  1.939e-01  0.000e+00
 0.2960  2.18476e+05  3.511e+00  2.185e+05  2.185e+05  3.906e+00  0.000e+00  2.186e+05 -1.787e+02  9.720e-01  2.718e+00  2.153e-01  0.000e+00
 0.2970  2.37315e+05  3.524e+00  2.373e+05  2.373e+05  3.895e+00  0.000e+00  2.375e+05 -1.799e+02  1.201e+00  2.457e+00  2.367e-01  0.000e+00
 0.2980  2.49033e+05  3.848e+00  2.490e+05  2.490e+05  3.566e+00  0.000e+00  2.492e+05 -1.806e+02  1.204e+00  2.105e+00  2.565e-01  0.000e+00
 0.2990  2.52361e+05  4.228e+00  2.524e+05  2.524e+05  3.181e+00  0.000e+00  2.525e+05 -1.806e+02  1.214e+00  1.693e+00  2.737e-01  0.000e+00
 0.3000  2.48343e+05  4.365e+00  2.483e+05  2.483e+05  3.044e+00  0.000e+00  2.485e+05 -1.799e+02  1.490e+00  1.267e+00  2.879e-01  0.000e+00
 0.3010  2.37665e+05  4.268e+00  2.377e+05  2.377e+05  3.146e+00  0.000e+00  2.378e+05 -1.785e+02  1.964e+00  8.823e-01  2.999e-01  0.000e+00
 0.3020  2.21845e+05  4.224e+00  2.218e+05  2.218e+05  3.193e+00  0.000e+00  2.220e+05 -1.769e+02  2.282e+00  5.999e-01  3.110e-01  0.000e+00
 0.3030  2.04882e+05  4.429e+00  2.049e+05  2.049e+05  2.985e+00  0.000e+00  2.051e+05 -1.755e+02  2.189e+00  4.733e-01  3.227e-01  0.000e+00
 0.3040  1.92315e+05  4.728e+00  1.923e+05  1.923e+05  2.680e+00  0.000e+00  1.925e+05 -1.746e+02  1.806e+00  5.387e-01  3.355e-01  0.000e+00
 0.3050  1.88753e+05  4.776e+00  1.887e+05  1.887e+05  2.630e+00  0.000e+00  1.889e+05 -1.746e+02  1.477e+00  8.038e-01  3.491e-01  0.000e+00
 0.3060  1.95747e+05  4.430e+00  1.957e+05  1.957e+05  2.979e+00  0.000e+00  1.959e+05 -1.755e+02  1.377e+00  1.240e+00  3.627e-01  0.000e+00
 0.3070  2.10525e+05  3.918e+00  2.105e+05  2.105e+05  3.498e+00  0.000e+00  2.107e+05 -1.771e+02  1.338e+00  1.784e+00  3.756e-01  0.000e+00
 0.3080  2.26809e+05  3.571e+00  2.268e+05  2.268e+05  3.846e+00  0.000e+00  2.270e+05 -1.790e+02  1.109e+00  2.349e+00  3.872e-01  0.000e+00
 0.3090  2.38967e+05  3.462e+00  2.390e+05  2.390e+05  3.951e+00  0.000e+00  2.391e+05 -1.806e+02  7.098e-01  2.844e+00  3.972e-01  0.000e+00
 0.3100  2.45197e+05  3.362e+00  2.452e+05  2.452e+05  4.048e+00  0.000e+00  2.454e+05 -1.818e+02  4.574e-01  3.185e+00  4.049e-01  0.000e+00
 0.3110  2.45302e+05  3.084e+00  2.453e+05  2.453e+05  4.328e+00  0.000e+00  2.455e+05 -1.821e+02  6.079e-01  3.311e+00  4.094e-01  0.000e+00
 0.3120  2.38053e+05  2.776e+00  2.381e+05  2.380e+05  4.642e+00  0.000e+00  2.382e+05 -1.816e+02  1.037e+00  3.196e+00  4.094e-01  0.000e+00
 0.3130  2.23106e+05  2.791e+00  2.231e+05  2.231e+05  4.630e+00  0.000e+00  2.233e+05 -1.804e+02  1.357e+00  2.868e+00  4.046e-01  0.000e+00
 0.3140  2.03960e+05  3.273e+00  2.040e+05  2.040e+05  4.143e+00  0.000e+00  2.041e+05 -1.788e+02  1.344e+00  2.404e+00  3.948e-01  0.000e+00
 0.3150  1.87134e+05  3.937e+00  1.871e+05  1.871e+05  3.471e+00  0.000e+00  1.873e+05 -1.774e+02  1.181e+00  1.909e+00  3.812e-01  0.000e+00
 0.3160  1.78516e+05  4.341e+00  1.785e+05  1.785e+05  3.065e+00  0.000e+00  1.787e+05 -1.765e+02  1.216e+00  1.484e+00  3.649e-01  0.000e+00
 0.3170  1.80635e+05  4.342e+00  1.806e+05  1.806e+05  3.069e+00  0.000e+00  1.808e+05 -1.764e+02  1.520e+00  1.202e+00  3.472e-01  0.000e+00
 0.3180  1.91864e+05  4.223e+00  1.919e+05  1.919e+05  3.195e+00  0.000e+00  1.920e+05 -1.770e+02  1.774e+00  1.092e+00  3.289e-01  0.000e+00
 0.3190  2.07332e+05  4.330e+00  2.073e+05  2.073e+05  3.087e+00  0.000e+00  2.075e+05 -1.781e+02  1.637e+00  1.140e+00  3.104e-01  0.000e+00
 0.3200  2.22140e+05  4.653e+00  2.221e+05  2.221e+05  2.758e+00  0.000e+00  2.223e+05 -1.794e+02  1.165e+00  1.301e+00  2.921e-01  0.000e+00
 0.3210  2.34202e+05  4.831e+00  2.342e+05  2.342e+05  2.575e+00  0.000e+00  2.344e+05 -1.803e+02  7.809e-01  1.520e+00  2.742e-01  0.000e+00
 0.3220  2.42424e+05  4.599e+00  2.424e+05  2.424e+05  2.810e+00  0.000e+00  2.426e+05 -1.808e+02  8.059e-01  1.747e+00  2.576e-01  0.000e+00
 0.3230  2.43753e+05  4.120e+00  2.437e+05  2.437e+05  3.297e+00  0.000e+00  2.439e+05 -1.805e+02  1.102e+00  1.953e+00  2.424e-01  0.000e+00
 0.3240  2.35189e+05  3.827e+00  2.352e+05  2.352e+05  3.593e+00  0.000e+00  2.354e+05 -1.795e+02  1.236e+00  2.129e+00  2.284e-01  0.000e+00
 0.3250  2.18396e+05  3.937e+00  2.184e+05  2.184e+05  3.479e+00  0.000e+00  2.186e+05 -1.781e+02  9.798e-01  2.284e+00  2.149e-01  0.000e+00
 0.3260  2.00116e+05  4.194e+00  2.001e+05  2.001e+05  3.214e+00  0.000e+00  2.003e+05 -1.767e+02  5.801e-01  2.433e+00  2.008e-01  0.000e+00
 0.3270  1.87692e+05  4.162e+00  1.877e+05  1.877e+05  3.244e+00  0.000e+00  1.879e+05 -1.758e+02  4.700e-01  2.589e+00  1.856e-01  0.000e+00
 0.3280  1.85038e+05  3.731e+00  1.850e+05  1.850e+05  3.681e+00  0.000e+00  1.852e+05 -1.755e+02  7.633e-01  2.749e+00  1.688e-01  0.000e+00
 0.3290  1.91656e+05  3.261e+00  1.917e+05  1.916e+05  4.158e+00  0.000e+00  1.918e+05 -1.762e+02  1.110e+00  2.898e+00  1.506e-01  0.000e+00
 0.3300  2.03844e+05  3.190e+00  2.038e+05  2.038e+05  4.230e+00  0.000e+00  2.040e+05 -1.774e+02  1.091e+00  3.008e+00  1.313e-01  0.000e+00
 0.3310  2.17622e+05  3.544e+00  2.176e+05  2.176e+05  3.870e+00  0.000e+00  2.178e+05 -1.790e+02  7.128e-01  3.046e+00  1.114e-01  0.000e+00
 0.3320  2.31091e+05  3.922e+00  2.311e+05  2.311e+05  3.485e+00  0.000e+00  2.313e+05 -1.805e+02  4.085e-01  2.985e+00  9.155e-02  0.000e+00
 0.3330  2.42729e+05  3.978e+00  2.427e+05  2.427e+05  3.431e+00  0.000e+00  2.429e+05 -1.816e+02  5.450e-01  2.814e+00  7.245e-02  0.000e+00
 0.3340  2.48490e+05  3.837e+00  2.485e+05  2.485e+05  3.581e+00  0.000e+00  2.487e+05 -1.819e+02  9.887e-01  2.537e+00  5.474e-02  0.000e+00
 0.3350  2.43746e+05  3.952e+00  2.437e+05  2.437e+05  3.470e+00  0.000e+00  2.439e+05 -1.814e+02  1.255e+00  2.176e+00  3.905e-02  0.000e+00
 0.3360  2.28601e+05  4.541e+00  2.286e+05  2.286e+05  2.875e+00  0.000e+00  2.288e+05 -1.801e+02  1.082e+00  1.767e+00  2.603e-02  0.000e+00
 0.3370  2.09414e+05  5.263e+00  2.094e+05  2.094e+05  2.142e+00  0.000e+00  2.096e+05 -1.784e+02  7.662e-01  1.360e+00  1.626e-02  0.000e+00
 0.3380  1.94239e+05  5.537e+00  1.942e+05  1.942e+05  1.865e+00  0.000e+00  1.944e+05 -1.768e+02  8.349e-01  1.020e+00  1.023e-02  0.000e+00
 0.3390  1.87785e+05  5.174e+00  1.878e+05  1.878e+05  2.235e+00  0.000e+00  1.880e+05 -1.758e+02  1.411e+00  8.151e-01  8.245e-03  0.000e+00
 0.3400  1.90156e+05  4.602e+00  1.902e+05  1.901e+05  2.817e+00  0.000e+00  1.903e+05 -1.755e+02  2.007e+00  7.993e-01  1.051e-02  0.000e+00
 0.3410  1.98516e+05  4.381e+00  1.985e+05  1.985e+05  3.039e+00  0.000e+00  1.987e+05 -1.759e+02  2.026e+00  9.960e-01  1.706e-02  0.000e+00
 0.3420  2.10092e+05  4.565e+00  2.101e+05  2.101e+05  2.846e+00  0.000e+00  2.103e+05 -1.770e+02  1.431e+00  1.387e+00  2.771e-02  0.000e+00
 0.3430  2.24220e+05  4.624e+00  2.242e+05  2.242e+05  2.779e+00  0.000e+00  2.244e+05 -1.783e+02  8.263e-01  1.911e+00  4.194e-02  0.000e+00
 0.3440  2.40373e+05  4.073e+00  2.404e+05  2.404e+05  3.333e+00  0.000e+00  2.405e+05 -1.796e+02  8.053e-01  2.469e+00  5.885e-02  0.000e+00
 0.3450  2.54173e+05  3.093e+00  2.542e+05  2.542e+05  4.325e+00  0.000e+00  2.543e+05 -1.804e+02  1.298e+00  2.950e+00  7.718e-02  0.000e+00
 0.3460  2.57943e+05  2.429e+00  2.579e+05  2.579e+05  4.999e+00  0.000e+00  2.581e+05 -1.805e+02  1.647e+00  3.256e+00  9.554e-02  0.000e+00
 0.3470  2.47419e+05  2.635e+00  2.474e+05  2.474e+05  4.790e+00  0.000e+00  2.476e+05 -1.799e+02  1.345e+00  3.332e+00  1.129e-01  0.000e+00
 0.3480  2.27026e+05  3.486e+00  2.270e+05  2.270e+05  3.925e+00  0.000e+00  2.272e+05 -1.787e+02  6.224e-01  3.174e+00  1.290e-01  0.000e+00
 0.3490  2.06332e+05  4.218e+00  2.063e+05  2.063e+05  3.184e+00  0.000e+00  2.065e+05 -1.773e+02  2.144e-01  2.826e+00  1.443e-01  0.000e+00
 0.3500  1.92463e+05  4.334e+00  1.925e+05  1.925e+05  3.073e+00  0.000e+00  1.926e+05 -1.763e+02  5.596e-01  2.354e+00  1.597e-01  0.000e+00
 0.3510  1.86968e+05  4.096e+00  1.870e+05  1.870e+05  3.322e+00  0.000e+00  1.871e+05 -1.759e+02  1.316e+00  1.831e+00  1.760e-01  0.000e+00
 0.3520  1.87705e+05  4.159e+00  1.877e+05  1.877e+05  3.264e+00  0.000e+00  1.879e+05 -1.763e+02  1.738e+00  1.332e+00  1.934e-01  0.000e+00
 0.3530  1.92484e+05  4.761e+00  1.925e+05  1.925e+05  2.653e+00  0.000e+00  1.927e+05 -1.773e+02  1.510e+00  9.310e-01  2.116e-01  0.000e+00
 0.3540  2.01383e+05  5.399e+00  2.014e+05  2.014e+05  2.002e+00  0.000e+00  2.016e+05 -1.788e+02  1.087e+00  6.852e-01  2.302e-01  0.000e+00
 0.3550  2.15065e+05  5.366e+00  2.151e+05  2.151e+05  2.034e+00  0.000e+00  2.152e+05 -1.803e+02  1.168e+00  6.163e-01  2.490e-01  0.000e+00
 0.3560  2.30626e+05  4.565e+00  2.306e+05  2.306e+05  2.847e+00  0.000e+00  2.308e+05 -1.816e+02  1.876e+00  7.027e-01  2.681e-01  0.000e+00
 0.3570  2.40616e+05  3.671e+00  2.406e+05  2.406e+05  3.754e+00  0.000e+00  2.408e+05 -1.822e+02  2.572e+00  8.935e-01  2.878e-01  0.000e+00
 0.3580  2.38292e+05  3.441e+00  2.383e+05  2.383e+05  3.984e+00  0.000e+00  2.385e+05 -1.820e+02  2.539e+00  1.137e+00  3.083e-01  0.000e+00
 0.3590  2.24444e+05  3.914e+00  2.244e+05  2.244e+05  3.499e+00  0.000e+00  2.246e+05 -1.809e+02  1.769e+00  1.401e+00  3.292e-01  0.000e+00
 0.3600  2.07068e+05  4.386e+00  2.071e+05  2.071e+05  3.016e+00  0.000e+00  2.072e+05 -1.794e+02  9.837e-01  1.683e+00  3.494e-01  0.000e+00
 0.3610  1.94190e+05  4.197e+00  1.942e+05  1.942e+05  3.206e+00  0.000e+00  1.944e+05 -1.779e+02  8.552e-01  1.983e+00  3.675e-01  0.000e+00
 0.3620  1.88789e+05  3.451e+00  1.888e+05  1.888e+05  3.965e+00  0.000e+00  1.890e+05 -1.767e+02  1.287e+00  2.296e+00  3.825e-01  0.000e+00
 0.3630  1.89481e+05  2.875e+00  1.895e+05  1.895e+05  4.551e+00  0.000e+00  1.896e+05 -1.761e+02  1.562e+00  2.594e+00  3.942e-01  0.000e+00
 0.3640  1.94219e+05  2.992e+00  1.942e+05  1.942e+05  4.429e+00  0.000e+00  1.944e+05 -1.762e+02  1.183e+00  2.843e+00  4.032e-01  0.000e+00
 0.3650  2.03274e+05  3.536e+00  2.033e+05  2.033e+05  3.872e+00  0.000e+00  2.034e+05 -1.769e+02  4.562e-01  3.006e+00  4.102e-01  0.000e+00
 0.3660  2.18169e+05  3.773e+00  2.182e+05  2.182e+05  3.629e+00  0.000e+00  2.183e+05 -1.781e+02  1.578e-01  3.056e+00  4.158e-01  0.000e+00
 0.3670  2.37343e+05  3.363e+00  2.373e+05  2.373e+05  4.048e+00  0.000e+00  2.375e+05 -1.793e+02  6.599e-01  2.968e+00  4.194e-01  0.000e+00
 0.3680  2.53665e+05  2.786e+00  2.537e+05  2.537e+05  4.639e+00  0.000e+00  2.538e+05 -1.801e+02  1.492e+00  2.726e+00  4.198e-01  0.000e+00
 0.3690  2.58116e+05  2.837e+00  2.581e+05  2.581e+05  4.591e+00  0.000e+00  2.583e+05 -1.803e+02  1.841e+00  2.334e+00  4.158e-01  0.000e+00
 0.3700  2.47791e+05  3.743e+00  2.478e+05  2.478e+05  3.674e+00  0.000e+00  2.480e+05 -1.798e+02  1.432e+00  1.835e+00  4.069e-01  0.000e+00
 0.3710  2.29032e+05  4.868e+00  2.290e+05  2.290e+05  2.534e+00  0.000e+00  2.292e+05 -1.786e+02  8.275e-01  1.313e+00  3.939e-01  0.000e+00
 0.3720  2.11159e+05  5.353e+00  2.112e+05  2.112e+05  2.045e+00  0.000e+00  2.113e+05 -1.773e+02  7.944e-01  8.725e-01  3.785e-01  0.000e+00
 0.3730  1.99218e+05  4.988e+00  1.992e+05  1.992e+05  2.421e+00  0.000e+00  1.994e+05 -1.762e+02  1.452e+00  6.060e-01  3.626e-01  0.000e+00
 0.3740  1.93062e+05  4.381e+00  1.931e+05  1.931e+05  3.041e+00  0.000e+00  1.932e+05 -1.756e+02  2.126e+00  5.674e-01  3.474e-01  0.000e+00
 0.3750  1.91051e+05  4.245e+00  1.910e+05  1.910e+05  3.177e+00  0.000e+00  1.912e+05 -1.757e+02  2.076e+00  7.675e-01  3.334e-01  0.000e+00
 0.3760  1.93670e+05  4.610e+00  1.937e+05  1.937e+05  2.800e+00  0.000e+00  1.938e+05 -1.765e+02  1.302e+00  1.178e+00  3.204e-01  0.000e+00
 0.3770  2.03232e+05  4.818e+00  2.032e+05  2.032e+05  2.582e+00  0.000e+00  2.034e+05 -1.779e+02  5.378e-01  1.736e+00  3.081e-01  0.000e+00
 0.3780  2.20037e+05  4.294e+00  2.200e+05  2.200e+05  3.110e+00  0.000e+00  2.202e+05 -1.796e+02  4.615e-01  2.352e+00  2.964e-01  0.000e+00
 0.3790  2.39140e+05  3.232e+00  2.391e+05  2.391e+05  4.185e+00  0.000e+00  2.393e+05 -1.811e+02  9.852e-01  2.915e+00  2.851e-01  0.000e+00
 0.3800  2.51536e+05  2.438e+00  2.515e+05  2.515e+05  4.990e+00  0.000e+00  2.517e+05 -1.820e+02  1.400e+00  3.317e+00  2.734e-01  0.000e+00
 0.3810  2.50560e+05  2.497e+00  2.506e+05  2.506e+05  4.927e+00  0.000e+00  2.507e+05 -1.820e+02  1.182e+00  3.484e+00  2.605e-01  0.000e+00
 0.3820  2.37760e+05  3.202e+00  2.378e+05  2.378e+05  4.209e+00  0.000e+00  2.379e+05 -1.811e+02  5.528e-01  3.411e+00  2.452e-01  0.000e+00
 0.3830  2.20615e+05  3.821e+00  2.206e+05  2.206e+05  3.582e+00  0.000e+00  2.208e+05 -1.796e+02  2.012e-01  3.154e+00  2.265e-01  0.000e+00
 0.3840  2.05449e+05  3.899e+00  2.054e+05  2.054e+05  3.509e+00  0.000e+00  2.056e+05 -1.779e+02  4.947e-01  2.810e+00  2.039e-01  0.000e+00
 0.3850  1.94411e+05  3.693e+00  1.944e+05  1.944e+05  3.726e+00  0.000e+00  1.946e+05 -1.764e+02  1.081e+00  2.466e+00  1.782e-01  0.000e+00
 0.3860  1.87619e+05  3.789e+00  1.876e+05  1.876e+05  3.633e+00  0.000e+00  1.878e+05 -1.755e+02  1.304e+00  2.178e+00  1.510e-01  0.000e+00
 0.3870  1.86214e+05  4.384e+00  1.862e+05  1.862e+05  3.030e+00  0.000e+00  1.864e+05 -1.754e+02  9.425e-01  1.963e+00  1.244e-01  0.000e+00
 0.3880  1.92561e+05  5.040e+00  1.926e+05  1.926e+05  2.364e+00  0.000e+00  1.927e+05 -1.761e+02  4.468e-01  1.817e+00  9.996e-02  0.000e+00
 0.3890  2.07411e+05  5.185e+00  2.074e+05  2.074e+05  2.218e+00  0.000e+00  2.076e+05 -1.774e+02  4.166e-01  1.723e+00  7.882e-02  0.000e+00
 0.3900  2.27105e+05  4.759e+00  2.271e+05  2.271e+05  2.653e+00  0.000e+00  2.273e+05 -1.789e+02  9.310e-01  1.661e+00  6.143e-02  0.000e+00
 0.3910  2.43636e+05  4.286e+00  2.436e+05  2.436e+05  3.135e+00  0.000e+00  2.438e+05 -1.802e+02  1.476e+00  1.611e+00  4.784e-02  0.000e+00
 0.3920  2.49096e+05  4.290e+00  2.491e+05  2.491e+05  3.131e+00  0.000e+00  2.493e+05 -1.809e+02  1.531e+00  1.562e+00  3.785e-02  0.000e+00
 0.3930  2.41823e+05  4.720e+00  2.418e+05  2.418e+05  2.691e+00  0.000e+00  2.420e+05 -1.807e+02  1.145e+00  1.514e+00  3.111e-02  0.000e+00
 0.3940  2.27003e+05  5.032e+00  2.270e+05  2.270e+05  2.371e+00  0.000e+00  2.272e+05 -1.799e+02  8.626e-01  1.482e+00  2.708e-02  0.000e+00
 0.3950  2.10931e+05  4.796e+00  2.109e+05  2.109e+05  2.609e+00  0.000e+00  2.111e+05 -1.787e+02  1.098e+00  1.486e+00  2.526e-02  0.000e+00
 0.3960  1.96895e+05  4.162e+00  1.969e+05  1.969e+05  3.253e+00  0.000e+00  1.971e+05 -1.776e+02  1.675e+00  1.553e+00  2.532e-02  0.000e+00
 0.3970  1.86127e+05  3.661e+00  1.861e+05  1.861e+05  3.759e+00  0.000e+00  1.863e+05 -1.768e+02  2.031e+00  1.701e+00  2.733e-02  0.000e+00
 0.3980  1.80440e+05  3.615e+00  1.804e+05  1.804e+05  3.801e+00  0.000e+00  1.806e+05 -1.766e+02  1.832e+00  1.938e+00  3.171e-02  0.000e+00
 0.3990  1.82649e+05  3.815e+00  1.826e+05  1.826e+05  3.594e+00  0.000e+00  1.828e+05 -1.771e+02  1.312e+00  2.244e+00  3.907e-02  0.000e+00
 0.4000  1.94285e+05  3.814e+00  1.943e+05  1.943e+05  3.593e+00  0.000e+00  1.945e+05 -1.783e+02  9.701e-01  2.573e+00  4.974e-02  0.000e+00
 0.4010  2.13192e+05  3.476e+00  2.132e+05  2.132e+05  3.936e+00  0.000e+00  2.134e+05 -1.798e+02  1.018e+00  2.855e+00  6.339e-02  0.000e+00
 0.4020  2.33111e+05  3.140e+00  2.331e+05  2.331e+05  4.281e+00  0.000e+00  2.333e+05 -1.812e+02  1.190e+00  3.012e+00  7.892e-02  0.000e+00
 0.4030  2.46352e+05  3.238e+00  2.463e+05  2.463e+05  4.183e+00  0.000e+00  2.465e+05 -1.820e+02  1.112e+00  2.976e+00  9.474e-02  0.000e+00
 0.4040  2.48780e+05  3.821e+00  2.488e+05  2.488e+05  3.594e+00  0.000e+00  2.490e+05 -1.820e+02  7.671e-01  2.717e+00  1.095e-01  0.000e+00
 0.4050  2.42043e+05  4.504e+00  2.420e+05  2.420e+05  2.904e+00  0.000e+00  2.422e+05 -1.811e+02  5.237e-01  2.257e+00  1.225e-01  0.000e+00
 0.4060  2.30120e+05  4.882e+00  2.301e+05  2.301e+05  2.525e+00  0.000e+00  2.303e+05 -1.796e+02  7.150e-01  1.676e+00  1.344e-01  0.000e+00
 0.4070  2.15845e+05  4.915e+00  2.158e+05  2.158e+05  2.497e+00  0.000e+00  2.160e+05 -1.777e+02  1.262e+00  1.089e+00  1.466e-01  0.000e+00
 0.4080  2.01614e+05  4.879e+00  2.016e+05  2.016e+05  2.536e+00  0.000e+00  2.018e+05 -1.758e+02  1.765e+00  6.111e-01  1.606e-01  0.000e+00
 0.4090  1.91124e+05  4.977e+00  1.911e+05  1.911e+05  2.436e+00  0.000e+00  1.913e+05 -1.746e+02  1.934e+00  3.243e-01  1.775e-01  0.000e+00
 0.4100  1.88618e+05  5.088e+00  1.886e+05  1.886e+05  2.320e+00  0.000e+00  1.888e+05 -1.742e+02  1.867e+00  2.564e-01  1.972e-01  0.000e+00
 0.4110  1.96388e+05  4.932e+00  1.964e+05  1.964e+05  2.474e+00  0.000e+00  1.966e+05 -1.748e+02  1.864e+00  3.917e-01  2.188e-01  0.000e+00
 0.4120  2.13065e+05  4.432e+00  2.131e+05  2.131e+05  2.979e+00  0.000e+00  2.132e+05 -1.762e+02  2.045e+00  6.925e-01  2.415e-01  0.000e+00
 0.4130  2.33467e+05  3.828e+00  2.335e+05  2.335e+05  3.588e+00  0.000e+00  2.336e+05 -1.780e+02  2.205e+00  1.118e+00  2.645e-01  0.000e+00
 0.4140  2.50211e+05  3.432e+00  2.502e+05  2.502e+05  3.986e+00  0.000e+00  2.504e+05 -1.797e+02  2.068e+00  1.630e+00  2.878e-01  0.000e+00
 0.4150  2.57513e+05  3.300e+00  2.575e+05  2.575e+05  4.114e+00  0.000e+00  2.577e+05 -1.808e+02  1.619e+00  2.184e+00  3.110e-01  0.000e+00
 0.4160  2.54372e+05  3.224e+00  2.544e+05  2.544e+05  4.186e+00  0.000e+00  2.545e+05 -1.811e+02  1.135e+00  2.718e+00  3.332e-01  0.000e+00
 0.4170  2.43195e+05  3.021e+00  2.432e+05  2.432e+05  4.390e+00  0.000e+00  2.434e+05 -1.806e+02  8.957e-01  3.142e+00  3.526e-01  0.000e+00
 0.4180  2.26611e+05  2.776e+00  2.266e+05  2.266e+05  4.640e+00  0.000e+00  2.268e+05 -1.795e+02  9.073e-01  3.366e+00  3.672e-01  0.000e+00
 0.4190  2.07555e+05  2.752e+00  2.076e+05  2.075e+05  4.667e+00  0.000e+00  2.077e+05 -1.782e+02  9.599e-01  3.331e+00  3.757e-01  0.000e+00
 0.4200  1.90683e+05  3.080e+00  1.907e+05  1.907e+05  4.336e+00  0.000e+00  1.909e+05 -1.770e+02  9.105e-01  3.047e+00  3.784e-01  0.000e+00
 0.4210  1.81195e+05  3.603e+00  1.812e+05  1.812e+05  3.808e+00  0.000e+00  1.814e+05 -1.765e+02  8.450e-01  2.586e+00  3.771e-01  0.000e+00
 0.4220  1.82008e+05  4.045e+00  1.820e+05  1.820e+05  3.365e+00  0.000e+00  1.822e+05 -1.767e+02  9.329e-01  2.058e+00  3.742e-01  0.000e+00
 0.4230  1.92405e+05  4.297e+00  1.924e+05  1.924e+05  3.115e+00  0.000e+00  1.926e+05 -1.777e+02  1.175e+00  1.569e+00  3.715e-01  0.000e+00
 0.4240  2.08533e+05  4.483e+00  2.085e+05  2.085e+05  2.932e+00  0.000e+00  2.087e+05 -1.790e+02  1.369e+00  1.193e+00  3.698e-01  0.000e+00
 0.4250  2.24882e+05  4.736e+00  2.249e+05  2.249e+05  2.677e+00  0.000e+00  2.251e+05 -1.804e+02  1.344e+00  9.645e-01  3.688e-01  0.000e+00
 0.4260  2.36578e+05  4.989e+00  2.366e+05  2.366e+05  2.421e+00  0.000e+00  2.368e+05 -1.813e+02  1.166e+00  8.868e-01  3.678e-01  0.000e+00
 0.4270  2.41321e+05  5.026e+00  2.413e+05  2.413e+05  2.382e+00  0.000e+00  2.415e+05 -1.815e+02  1.065e+00  9.512e-01  3.657e-01  0.000e+00
 0.4280  2.38824e+05  4.746e+00  2.388e+05  2.388e+05  2.665e+00  0.000e+00  2.390e+05 -1.810e+02  1.160e+00  1.143e+00  3.622e-01  0.000e+00
 0.4290  2.29198e+05  4.296e+00  2.292e+05  2.292e+05  3.119e+00  0.000e+00  2.294e+05 -1.797e+02  1.325e+00  1.437e+00  3.572e-01  0.000e+00
 0.4300  2.13863e+05  3.924e+00  2.139e+05  2.139e+05  3.493e+00  0.000e+00  2.140e+05 -1.781e+02  1.347e+00  1.795e+00  3.508e-01  0.000e+00
 0.4310  1.97330e+05  3.723e+00  1.973e+05  1.973e+05  3.691e+00  0.000e+00  1.975e+05 -1.766e+02  1.183e+00  2.165e+00  3.430e-01  0.000e+00
 0.4320  1.85792e+05  3.578e+00  1.858e+05  1.858e+05  3.833e+00  0.000e+00  1.860e+05 -1.755e+02  1.001e+00  2.498e+00  3.337e-01  0.000e+00
 0.4330  1.83480e+05  3.363e+00  1.835e+05  1.835e+05  4.049e+00  0.000e+00  1.836e+05 -1.753e+02  9.722e-01  2.755e+00  3.223e-01  0.000e+00
 0.4340  1.90784e+05  3.128e+00  1.908e+05  1.908e+05  4.287e+00  0.000e+00  1.910e+05 -1.759e+02  1.062e+00  2.916e+00  3.086e-01  0.000e+00
 0.4350  2.04942e+05  3.054e+00  2.049e+05  2.049e+05  4.363e+00  0.000e+00  2.051e+05 -1.773e+02  1.086e+00  2.985e+00  2.925e-01  0.000e+00
 0.4360  2.21570e+05  3.216e+00  2.216e+05  2.216e+05  4.198e+00  0.000e+00  2.217e+05 -1.789e+02  9.449e-01  2.979e+00  2.742e-01  0.000e+00
 0.4370  2.36245e+05  3.471e+00  2.362e+05  2.362e+05  3.939e+00  0.000e+00  2.364e+05 -1.805e+02  7.619e-01  2.923e+00  2.544e-01  0.000e+00
 0.4380  2.45650e+05  3.605e+00  2.456e+05  2.456e+05  3.805e+00  0.000e+00  2.458e+05 -1.815e+02  7.359e-01  2.836e+00  2.338e-01  0.000e+00
 0.4390  2.47495e+05  3.591e+00  2.475e+05  2.475e+05  3.823e+00  0.000e+00  2.477e+05 -1.817e+02  8.922e-01  2.718e+00  2.127e-01  0.000e+00
 0.4400  2.40214e+05  3.638e+00  2.402e+05  2.402e+05  3.780e+00  0.000e+00  2.404e+05 -1.811e+02  1.036e+00  2.552e+00  1.914e-01  0.000e+00
 0.4410  2.24653e+05  3.949e+00  2.246e+05  2.246e+05  3.467e+00  0.000e+00  2.248e+05 -1.798e+02  9.873e-01  2.310e+00  1.694e-01  0.000e+00
 0.4420  2.05756e+05  4.469e+00  2.058e+05  2.057e+05  2.943e+00  0.000e+00  2.059e+05 -1.783e+02  8.180e-01  1.978e+00  1.468e-01  0.000e+00
 0.4430  1.90625e+05  4.914e+00  1.906e+05  1.906e+05  2.493e+00  0.000e+00  1.908e+05 -1.769e+02  7.961e-01  1.573e+00  1.239e-01  0.000e+00
 0.4440  1.84310e+05  5.083e+00  1.843e+05  1.843e+05  2.326e+00  0.000e+00  1.845e+05 -1.761e+02  1.068e+00  1.156e+00  1.016e-01  0.000e+00
 0.4450  1.87732e+05  5.064e+00  1.877e+05  1.877e+05  2.349e+00  0.000e+00  1.879e+05 -1.761e+02  1.454e+00  8.138e-01  8.136e-02  0.000e+00
 0.4460  1.98660e+05  5.101e+00  1.987e+05  1.987e+05  2.314e+00  0.000e+00  1.988e+05 -1.768e+02  1.613e+00  6.373e-01  6.436e-02  0.000e+00
 0.4470  2.13622e+05  5.241e+00  2.136e+05  2.136e+05  2.169e+00  0.000e+00  2.138e+05 -1.780e+02  1.427e+00  6.901e-01  5.157e-02  0.000e+00
 0.4480  2.29430e+05  5.217e+00  2.294e+05  2.294e+05  2.188e+00  0.000e+00  2.296e+05 -1.793e+02  1.160e+00  9.840e-01  4.336e-02  0.000e+00
 0.4490  2.43578e+05  4.721e+00  2.436e+05  2.436e+05  2.684e+00  0.000e+00  2.438e+05 -1.803e+02  1.176e+00  1.469e+00  3.945e-02  0.000e+00
 0.4500  2.53022e+05  3.810e+00  2.530e+05  2.530e+05  3.604e+00  0.000e+00  2.532e+05 -1.807e+02  1.520e+00  2.045e+00  3.889e-02  0.000e+00
 0.4510  2.53519e+05  2.951e+00  2.535e+05  2.535e+05  4.471e+00  0.000e+00  2.537e+05 -1.804e+02  1.840e+00  2.591e+00  4.031e-02  0.000e+00
 0.4520  2.42791e+05  2.611e+00  2.428e+05  2.428e+05  4.811e+00  0.000e+00  2.430e+05 -1.793e+02  1.769e+00  3.000e+00  4.221e-02  0.000e+00
 0.4530  2.24461e+05  2.821e+00  2.245e+05  2.245e+05  4.594e+00  0.000e+00  2.246e+05 -1.779e+02  1.346e+00  3.205e+00  4.349e-02  0.000e+00
 0.4540  2.06401e+05  3.188e+00  2.064e+05  2.064e+05  4.221e+00  0.000e+00  2.066e+05 -1.765e+02  9.863e-01  3.190e+00  4.378e-02  0.000e+00
 0.4550  1.95100e+05  3.368e+00  1.951e+05  1.951e+05  4.042e+00  0.000e+00  1.953e+05 -1.755e+02  1.016e+00  2.983e+00  4.354e-02  0.000e+00
 0.4560  1.92439e+05  3.448e+00  1.924e+05  1.924e+05  3.969e+00  0.000e+00  1.926e+05 -1.754e+02  1.290e+00  2.636e+00  4.378e-02  0.000e+00
 0.4570  1.96702e+05  3.799e+00  1.967e+05  1.967e+05  3.621e+00  0.000e+00  1.969e+05 -1.760e+02  1.361e+00  2.215e+00  4.571e-02  0.000e+00
 0.4580  2.05230e+05  4.561e+00  2.052e+05  2.052e+05  2.852e+00  0.000e+00  2.054e+05 -1.772e+02  1.016e+00  1.786e+00  5.035e-02  0.000e+00
 0.4590  2.16270e+05  5.365e+00  2.163e+05  2.163e+05  2.039e+00  0.000e+00  2.164e+05 -1.787e+02  5.699e-01  1.410e+00  5.825e-02  0.000e+00
 0.4600  2.28677e+05  5.655e+00  2.287e+05  2.287e+05  1.747e+00  0.000e+00  2.288e+05 -1.802e+02  5.487e-01  1.129e+00  6.943e-02  0.000e+00
 0.4610  2.39712e+05  5.275e+00  2.397e+05  2.397e+05  2.134e+00  0.000e+00  2.399e+05 -1.813e+02  1.091e+00  9.589e-01  8.344e-02  0.000e+00
 0.4620  2.43833e+05  4.668e+00  2.438e+05  2.438e+05  2.752e+00  0.000e+00  2.440e+05 -1.816e+02  1.759e+00  8.927e-01  9.960e-02  0.000e+00
 0.4630  2.36382e+05  4.409e+00  2.364e+05  2.364e+05  3.012e+00  0.000e+00  2.366e+05 -1.812e+02  1.991e+00  9.036e-01  1.172e-01  0.000e+00
 0.4640  2.19300e+05  4.601e+00  2.193e+05  2.193e+05  2.812e+00  0.000e+00  2.195e+05 -1.802e+02  1.713e+00  9.633e-01  1.357e-01  0.000e+00
 0.4650  2.00491e+05  4.782e+00  2.005e+05  2.005e+05  2.622e+00  0.000e+00  2.007e+05 -1.789e+02  1.410e+00  1.057e+00  1.546e-01  0.000e+00
 0.4660  1.87432e+05  4.474e+00  1.874e+05  1.874e+05  2.931e+00  0.000e+00  1.876e+05 -1.777e+02  1.568e+00  1.190e+00  1.734e-01  0.000e+00
 0.4670  1.82933e+05  3.753e+00  1.829e+05  1.829e+05  3.662e+00  0.000e+00  1.831e+05 -1.770e+02  2.094e+00  1.376e+00  1.919e-01  0.000e+00
 0.4680  1.85790e+05  3.190e+00  1.858e+05  1.858e+05  4.233e+00  0.000e+00  1.860e+05 -1.769e+02  2.394e+00  1.629e+00  2.097e-01  0.000e+00
 0.4690  1.93597e+05  3.216e+00  1.936e+05  1.936e+05  4.203e+00  0.000e+00  1.938e+05 -1.774e+02  2.029e+00  1.947e+00  2.272e-01  0.000e+00
 0.4700  2.04944e+05  3.628e+00  2.049e+05  2.049e+05  3.780e+00  0.000e+00  2.051e+05 -1.784e+02  1.225e+00  2.309e+00  2.455e-01  0.000e+00
 0.4710  2.19549e+05  3.799e+00  2.195e+05  2.195e+05  3.604e+00  0.000e+00  2.197e+05 -1.795e+02  6.653e-01  2.673e+00  2.652e-01  0.000e+00
 0.4720  2.35960e+05  3.382e+00  2.360e+05  2.360e+05  4.026e+00  0.000e+00  2.361e+05 -1.805e+02  7.649e-01  2.975e+00  2.863e-01  0.000e+00
 0.4730  2.48850e+05  2.736e+00  2.488e+05  2.488e+05  4.685e+00  0.000e+00  2.490e+05 -1.810e+02  1.235e+00  3.143e+00  3.072e-01  0.000e+00
 0.4740  2.50838e+05  2.566e+00  2.508e+05  2.508e+05  4.860e+00  0.000e+00  2.510e+05 -1.807e+02  1.416e+00  3.118e+00  3.255e-01  0.000e+00
 0.4750  2.39730e+05  3.174e+00  2.397e+05  2.397e+05  4.245e+00  0.000e+00  2.399e+05 -1.797e+02  1.027e+00  2.879e+00  3.388e-01  0.000e+00
 0.4760  2.21777e+05  4.112e+00  2.218e+05  2.218e+05  3.293e+00  0.000e+00  2.219e+05 -1.782e+02  4.916e-01  2.456e+00  3.462e-01  0.000e+00
 0.4770  2.05829e+05  4.661e+00  2.058e+05  2.058e+05  2.741e+00  0.000e+00  2.060e+05 -1.768e+02  4.672e-01  1.925e+00  3.486e-01  0.000e+00
 0.4780  1.96672e+05  4.588e+00  1.967e+05  1.967e+05  2.822e+00  0.000e+00  1.968e+05 -1.757e+02  1.092e+00  1.382e+00  3.481e-01  0.000e+00
 0.4790  1.94201e+05  4.365e+00  1.942e+05  1.942e+05  3.055e+00  0.000e+00  1.944e+05 -1.753e+02  1.789e+00  9.204e-01  3.465e-01  0.000e+00
 0.4800  1.96405e+05  4.591e+00  1.964e+05  1.964e+05  2.830e+00  0.000e+00  1.966e+05 -1.756e+02  1.870e+00  6.140e-01  3.452e-01  0.000e+00
 0.4810  2.02311e+05  5.256e+00  2.023e+05  2.023e+05  2.153e+00  0.000e+00  2.025e+05 -1.766e+02  1.292e+00  5.159e-01  3.447e-01  0.000e+00
 0.4820  2.12609e+05  5.697e+00  2.126e+05  2.126e+05  1.702e+00  0.000e+00  2.128e+05 -1.780e+02  7.001e-01  6.568e-01  3.451e-01  0.000e+00
 0.4830  2.27302e+05  5.299e+00  2.273e+05  2.273e+05  2.102e+00  0.000e+00  2.275e+05 -1.795e+02  7.151e-01  1.041e+00  3.463e-01  0.000e+00
 0.4840  2.42212e+05  4.183e+00  2.422e+05  2.422e+05  3.231e+00  0.000e+00  2.424e+05 -1.807e+02  1.249e+00  1.634e+00  3.484e-01  0.000e+00
 0.4850  2.49292e+05  3.104e+00  2.493e+05  2.493e+05  4.321e+00  0.000e+00  2.495e+05 -1.813e+02  1.624e+00  2.345e+00  3.512e-01  0.000e+00
 0.4860  2.43532e+05  2.677e+00  2.435e+05  2.435e+05  4.746e+00  0.000e+00  2.437e+05 -1.810e+02  1.357e+00  3.035e+00  3.540e-01  0.000e+00
 0.4870  2.28572e+05  2.799e+00  2.286e+05  2.286e+05  4.614e+00  0.000e+00  2.287e+05 -1.801e+02  7.084e-01  3.550e+00  3.547e-01  0.000e+00
 0.4880  2.12803e+05  2.890e+00  2.128e+05  2.128e+05  4.517e+00  0.000e+00  2.130e+05 -1.788e+02  3.824e-01  3.783e+00  3.513e-01  0.000e+00
 0.4890  2.02006e+05  2.639e+00  2.020e+05  2.020e+05  4.773e+00  0.000e+00  2.022e+05 -1.776e+02  7.238e-01  3.708e+00  3.418e-01  0.000e+00
 0.4900  1.96983e+05  2.389e+00  1.970e+05  1.970e+05  5.034e+00  0.000e+00  1.972e+05 -1.768e+02  1.329e+00  3.379e+00  3.257e-01  0.000e+00
 0.4910  1.96056e+05  2.718e+00  1.961e+05  1.960e+05  4.707e+00  0.000e+00  1.962e+05 -1.764e+02  1.499e+00  2.905e+00  3.039e-01  0.000e+00
 0.4920  1.98481e+05  3.710e+00  1.985e+05  1.985e+05  3.704e+00  0.000e+00  1.986e+05 -1.767e+02  1.025e+00  2.401e+00  2.786e-01  0.000e+00
 0.4930  2.05560e+05  4.767e+00  2.056e+05  2.056e+05  2.635e+00  0.000e+00  2.057e+05 -1.774e+02  4.185e-01  1.964e+00  2.524e-01  0.000e+00
 0.4940  2.18374e+05  5.186e+00  2.184e+05  2.184e+05  2.215e+00  0.000e+00  2.185e+05 -1.784e+02  3.361e-01  1.651e+00  2.280e-01  0.000e+00
 0.4950  2.34017e+05  4.887e+00  2.340e+05  2.340e+05  2.525e+00  0.000e+00  2.342e+05 -1.794e+02  8.412e-01  1.477e+00  2.065e-01  0.000e+00
 0.4960  2.44831e+05  4.470e+00  2.448e+05  2.448e+05  2.952e+00  0.000e+00  2.450e+05 -1.800e+02  1.337e+00  1.427e+00  1.880e-01  0.000e+00
 0.4970  2.44092e+05  4.540e+00  2.441e+05  2.441e+05  2.881e+00  0.000e+00  2.443e+05 -1.800e+02  1.250e+00  1.460e+00  1.714e-01  0.000e+00
 0.4980  2.32701e+05  5.038e+00  2.327e+05  2.327e+05  2.372e+00  0.000e+00  2.329e+05 -1.794e+02  6.874e-01  1.529e+00  1.554e-01  0.000e+00
 0.4990  2.17669e+05  5.331e+00  2.177e+05  2.177e+05  2.070e+00  0.000e+00  2.178e+05 -1.785e+02  3.361e-01  1.595e+00  1.398e-01  0.000e+00
 0.5000  2.10902e+05  5.228e+00  2.109e+05  2.109e+05  2.174e+00  0.000e+00  2.111e+05 -1.780e+02  4.237e-01  1.618e+00  1.321e-01  0.000e+00
